-1
-1
1
0
0
7
3
3
7
10
13
12
13
13
16
16
17
12
13
18
20
21
18
23
22
28
26
28
29
27
29
30
31
28
36
34
31
40
34
42
35
40
43
43
41
43
43
44
45
45
48
49
52
56
56
57
58
52
60
62
57
57
65
64
60
65
67
62
64
67
72
71
73
74
72
75
71
80
80
82
83
81
80
84
87
88
89
90
83
85
91
89
89
91
90
93
91
97
96
100
102
96
105
100
106
103
109
106
103
112
112
109
109
115
115
115
114
118
115
120
115
123
121
121
122
127
124
122
130
128
125
130
129
132
135
138
131
132
134
140
140
137
145
138
139
141
148
147
147
146
151
147
147
148
155
150
157
152
154
155
155
161
163
164
167
162
163
170
166
172
171
170
169
175
175
175
171
172
175
179
183
177
181
178
184
186
181
183
185
191
192
193
193
195
195
190
199
194
193
199
197
204
200
205
200
208
205
203
206
205
207
208
215
210
211
212
219
215
215
220
219
217
221
221
223
224
225
226
227
230
226
230
228
234
232
233
233
237
241
234
239
244
241
246
240
244
242
248
251
249
248
253
250
256
255
255
257
258
256
254
263
256
257
260
261
265
268
266
265
267
270
274
275
273
276
278
276
279
273
275
281
276
280
283
282
282
285
283
286
285
286
287
287
295
297
293
298
292
294
294
298
296
303
299
305
303
307
309
311
310
311
306
310
316
317
313
317
315
319
315
319
324
321
325
324
324
324
323
331
324
330
326
328
330
334
331
335
334
340
339
338
336
345
342
347
347
344
345
350
351
350
346
353
354
357
358
351
356
354
361
355
361
364
365
364
367
363
368
366
366
371
370
371
376
373
376
375
380
379
380
380
384
379
380
383
382
382
390
387
388
392
390
391
392
396
397
394
396
400
402
399
402
401
404
406
406
402
406
411
410
412
412
413
415
413
412
418
413
414
416
419
416
424
422
425
420
424
427
427
429
432
429
428
433
432
435
439
436
441
434
442
441
438
442
439
440
448
443
445
449
453
451
455
455
451
452
452
455
460
457
462
464
462
460
462
461
464
463
465
469
473
473
467
476
469
473
479
477
481
480
475
478
483
485
482
483
482
482
484
492
485
492
488
491
489
493
491
495
499
499
