3
-2
2
2
1
2
7
9
9
4
13
6
13
9
13
11
18
20
15
14
18
19
20
20
22
24
27
22
30
29
27
29
30
36
37
34
36
39
40
40
38
42
44
46
41
42
44
50
50
52
48
49
49
55
50
56
56
55
58
60
58
57
62
62
61
66
67
64
68
66
70
71
68
74
74
77
71
74
78
74
77
84
79
85
83
88
87
88
84
90
86
86
91
90
92
92
95
97
99
95
98
96
101
98
105
101
101
108
105
108
112
106
112
116
115
113
117
119
118
119
121
119
119
124
125
122
129
128
130
127
130
134
129
131
135
132
133
132
133
140
141
138
145
143
143
147
145
150
144
151
150
152
148
153
155
154
155
152
158
156
156
158
157
166
162
160
161
170
164
164
167
168
173
170
171
171
172
179
177
178
181
177
179
183
187
181
188
190
191
188
190
188
193
192
197
197
191
198
199
196
201
198
197
199
205
202
203
206
205
209
207
213
208
213
211
217
216
212
214
217
217
219
219
225
220
226
226
227
227
231
229
227
229
232
232
234
237
233
240
236
239
236
242
241
242
244
241
248
250
245
248
247
248
251
255
251
254
252
253
259
261
256
261
258
264
266
265
268
268
266
265
267
270
274
275
271
278
275
279
274
278
284
281
283
284
288
287
287
291
292
291
289
294
291
297
291
292
300
300
300
299
300
302
299
307
305
307
305
305
307
308
312
310
312
312
311
314
316
313
320
317
323
317
320
323
324
329
328
323
325
331
333
331
335
334
336
332
337
333
338
335
340
339
341
346
342
342
347
351
346
347
353
347
355
350
357
354
359
354
357
355
360
363
358
362
365
365
367
363
368
365
373
372
370
376
373
372
379
380
380
377
379
380
378
380
384
384
382
383
392
389
388
394
388
390
397
392
400
393
395
397
396
400
401
399
405
409
409
407
406
411
410
413
408
412
414
416
417
414
415
418
424
425
419
427
424
424
427
427
424
428
434
427
430
429
438
434
436
433
435
437
439
437
438
440
446
442
442
445
444
449
453
455
451
450
454
451
460
454
456
459
462
458
458
466
461
469
463
467
464
468
466
468
474
470
477
477
479
474
481
480
480
485
482
481
486
489
482
486
485
487
487
493
488
497
493
497
498
494
498
497
500
504
501
505
500
501
502
509
512
505
513
507
511
517
515
515
519
514
521
521
522
520
522
520
520
523
525
528
532
527
530
533
534
532
530
531
533
541
535
538
539
537
541
546
548
542
548
543
549
548
551
554
549
554
552
557
560
555
554
562
561
558
565
559
562
564
563
565
565
568
572
574
576
573
578
575
577
581
575
575
577
583
581
585
584
581
585
588
586
590
586
595
591
592
597
594
597
595
597
599
600
603
603
605
608
604
606
605
612
607
611
607
608
614
610
611
614
614
617
620
618
621
622
622
621
624
626
629
624
632
627
630
631
635
636
631
637
636
642
638
643
642
638
644
645
648
648
650
650
649
651
653
649
651
658
656
657
661
657
657
661
664
666
663
667
664
669
666
664
671
668
670
669
677
677
673
675
673
676
679
681
678
685
687
683
682
690
684
686
687
688
695
694
690
692
696
700
698
697
699
700
699
704
700
706
704
702
708
709
711
708
709
716
710
711
713
718
714
721
715
716
721
720
727
727
725
722
725
729
731
731
732
732
730
737
738
732
736
736
736
740
745
738
739
746
749
749
744
749
752
754
750
752
749
750
751
752
756
758
757
756
765
761
764
764
769
764
767
769
770
772
769
772
776
777
777
780
776
774
777
777
780
781
787
780
782
789
788
791
790
793
788
793
792
792
791
794
796
796
800
800
801
799
807
801
804
805
804
806
810
811
813
814
809
814
812
816
821
819
815
821
818
824
823
822
828
826
831
824
833
827
827
833
836
834
835
837
834
835
843
839
837
844
847
845
843
843
849
846
850
850
848
854
855
858
855
858
854
858
863
859
859
860
866
862
865
863
864
866
871
872
874
868
875
876
878
877
876
878
883
880
881
880
887
881
884
888
890
886
893
890
894
894
894
893
894
896
901
902
898
896
902
904
900
901
907
906
903
905
907
908
910
916
915
916
919
915
913
919
923
916
922
919
919
927
926
925
927
924
926
928
934
934
930
936
935
939
939
941
940
941
945
938
941
941
945
944
947
945
951
954
947
953
953
951
959
955
958
959
959
959
961
963
959
961
965
968
965
970
973
969
969
968
969
972
973
975
974
977
976
983
979
979
982
982
986
989
983
988
986
986
991
993
996
996
997
995
997
1002
999
1002
1004
999
1004
1005
1002
1010
1003
1005
1011
1010
1011
1015
1013
1015
1012
1014
1016
1017
1020
1016
1020
1024
1021
1026
1028
1027
1027
1024
1026
1029
1034
1035
1036
1033
1037
1039
1038
1034
1042
1039
1040
1039
1042
1042
1049
1045
1043
1051
1046
1054
1054
1050
1050
1055
1057
1060
1055
1054
1061
1059
1064
1064
1062
1065
1066
1068
1069
1071
1068
1068
1073
1072
1071
1075
1072
1073
1079
1076
1079
1078
1080
1085
1079
1083
1089
1084
1084
1085
1093
1091
1094
1095
1092
1096
1094
1100
1100
1100
1099
1102
1101
1104
1102
1103
1107
1108
1106
1109
1112
1111
1108
1114
1111
1118
1116
1114
1121
1122
1123
1120
1118
1118
1121
1127
1123
1122
1129
1130
1133
1129
1128
1133
1134
1130
1134
1136
1137
1140
1143
1142
1137
1138
1143
1145
1148
1142
1148
1147
1148
1146
1154
1155
1149
1150
1152
1154
1154
1157
1155
1162
1158
1165
1165
1163
1166
1165
1168
1172
1172
1168
1173
1174
1176
1174
1177
1179
1176
1178
1180
1177
1183
1183
1182
1180
1187
1190
1191
1188
1190
1193
1191
1189
1196
1198
1198
1195
1200
1201
1202
1202
1202
1202
1204
1202
1208
1205
1208
1211
1206
1213
1211
1210
1211
1212
1213
1216
1215
1219
1222
1219
1224
1221
1220
1220
1228
1222
1224
1224
1233
1226
1227
1230
1234
1231
1233
1236
1233
1236
1243
1242
1244
1243
1241
1244
1249
1248
1245
1246
1251
1250
1249
1254
1249
1254
1251
1260
1260
1257
1260
1256
1257
1266
1267
1261
1263
1270
1270
1266
1271
1273
1275
1268
1270
1276
1277
1272
1280
1274
1280
1284
1282
1283
1279
1286
1289
1288
1284
1291
1285
1286
1288
1295
1293
1291
1293
1293
1295
1300
1300
1297
1297
1306
1306
1304
1301
1308
1309
1310
1311
1310
1315
1312
1311
1312
1313
1315
1319
1316
1316
1322
1321
1321
1325
1323
1329
1324
1326
1326
1330
1330
1330
1329
1334
1331
1336
1336
1338
1334
1342
1344
1341
1339
1344
1343
1347
1343
1346
1349
1351
1348
1347
1348
1352
1352
1359
1360
1359
1354
1357
1361
1358
1365
1367
1362
1369
1368
1371
1367
1373
1374
1371
1375
1375
1370
1371
1372
1373
1381
1377
1382
1383
1383
1381
1387
1384
1390
1384
1389
1391
1390
1389
1391
1397
1395
1394
1393
1401
1401
1397
1404
1400
1399
1402
1403
1405
1409
1409
1406
1412
1414
1412
1409
1411
1413
1411
1416
1414
1414
1422
1416
1423
1423
1422
1420
1424
1428
1426
1424
1429
1432
1433
1436
1434
1436
1435
1440
1435
1439
1437
1440
1437
1441
1439
1446
1446
1450
1446
1444
1451
1448
1455
1453
1449
1458
1452
1452
1459
1459
1457
1461
1461
1461
1467
1460
1465
1464
1468
1465
1471
1474
1468
1470
1469
1472
1477
1478
1475
1482
1483
1480
1480
1479
1484
1485
1486
1484
1488
1486
1487
1489
1488
1494
1493
1492
1492
1497
1500
1498
1496
1502
1500
1499
1506
1504
1505
1506
1504
1510
1506
1512
1508
1515
1515
1518
1517
1512
1520
1516
1519
1520
1519
1521
1524
1520
1529
1525
1523
1532
1527
1528
1527
1528
1534
1533
1533
1534
1541
1535
1540
1539
1539
1541
1539
1548
1543
1549
1545
1548
1552
1553
1555
1549
1554
1550
1559
1559
1555
1554
1562
1564
1560
1563
1564
1564
1565
1562
1571
1572
1569
1571
1568
1568
1577
1573
1575
1575
1573
1581
1583
1581
1582
1579
1583
1585
1583
1587
1586
1592
1588
1591
1593
1594
1594
1595
1599
1596
1601
1602
1600
1598
1600
1606
1603
1608
1605
1608
1611
1604
1607
1608
1615
1610
1612
1611
1612
1618
1621
1618
1622
1619
1619
1618
1625
1622
1627
1624
1630
1632
1633
1629
1628
1632
1629
1638
1637
1638
1641
1642
1637
1640
1645
1645
1646
1644
1643
1643
1643
1650
1646
1646
1650
1654
1650
1650
1655
1652
1659
1660
1656
1660
1659
1660
1661
1660
1667
1667
1664
1670
1672
1669
1672
1668
1669
1672
1674
1676
1678
1675
1676
1678
1683
1679
1687
1682
1688
1683
1689
1684
1685
1694
1687
1696
1691
1690
1692
1692
1695
1695
1698
1697
1703
1701
1702
1708
1708
1708
1710
1712
1711
1706
1712
1714
1717
1717
1712
1718
1721
1716
1721
1724
1720
1720
1724
1725
1722
1722
1729
1725
1728
1727
1732
1732
1731
1735
1731
1739
1741
1742
1739
1742
1740
1739
1745
1748
1749
1746
1743
1750
1748
1746
1752
1756
1755
1752
1753
1755
1753
1758
1761
1759
1759
1766
1760
1768
1762
1762
1767
1770
1767
1766
1772
1772
1773
1773
1774
1779
1779
1777
1775
1779
1781
1779
1782
1783
1788
1783
1788
1784
1791
1786
1792
1791
1797
1798
1795
1795
1797
1794
1800
1804
1801
1799
1800
1804
1806
1806
1810
1804
1807
1808
1811
1808
1816
1817
1817
1816
1813
1822
1817
1819
1824
1820
1820
1822
1824
1824
1824
1831
1831
1827
1834
1835
1830
1833
1836
1834
1837
1842
1843
1837
1837
1843
1839
1845
1844
1849
1845
1849
1852
1850
1852
1851
1856
1854
1857
1858
1857
1861
1861
1864
1863
1863
1863
1868
1863
1864
1871
1872
1865
1866
1868
1872
1872
1871
1879
1879
1878
1881
1876
1884
1878
1884
1887
1881
1884
1883
1883
1890
1891
1887
1887
1894
1897
1894
1895
1900
1898
1899
1898
1904
1904
1898
1907
1901
1904
1905
1909
1904
1906
1907
1909
1908
1917
1914
1914
1919
1921
1920
1916
1923
1919
1921
1922
1920
1926
1928
1926
1928
1932
1928
1935
1932
1930
1936
1936
1940
1940
1938
1942
1943
1942
1939
1940
1945
1941
1947
1946
1946
1952
1946
1948
1956
1952
1951
1955
1955
1958
1961
1957
1959
1957
1965
1965
1962
1965
1963
1963
1972
1965
1969
1973
1969
1970
1972
1974
1976
1979
1982
1981
1981
1980
1983
1981
1987
1985
1983
1987
1985
1987
1991
1992
1992
1995
1994
1994
1994
1999
1994
2003
2001
2004
2004
2003
2004
2007
2002
2009
2004
2009
2013
2007
2011
2009
2011
2019
2020
2021
2019
2015
2019
2020
2018
2021
2027
2022
2027
2025
2024
2031
2034
2034
2036
2030
2032
2035
2039
2036
2037
2036
2039
2045
2042
2039
2044
2045
2048
2047
2048
2050
2052
2053
2056
2057
2058
2051
2060
2056
2059
2061
2063
2061
2058
2062
2067
2061
2065
2068
2072
2065
2074
2070
2068
2075
2071
2078
2076
2081
2081
2075
2084
2079
2078
2081
2081
2084
2089
2091
2090
2087
2086
2094
2088
2091
2096
2097
2098
2094
2098
2095
2103
2100
2102
2106
2108
2106
2110
2106
2105
2108
2113
2108
2116
2114
2117
2114
2119
2117
2120
2118
2123
2118
2120
2124
2120
2127
2129
2130
2129
2128
2134
2130
2136
2131
2135
2139
2138
2134
2136
2143
2139
2140
2138
2143
2143
2141
2150
2144
2149
2146
2148
2153
2149
2151
2150
2157
2157
2155
2161
2161
2159
2158
2160
2166
2164
2164
2169
2163
2169
2172
2171
2169
2174
2172
2178
2176
2174
2173
2180
2179
2183
2177
2179
2181
2185
2185
2182
2188
2185
2185
2187
2192
2191
2195
2190
2197
2198
2201
2202
2198
2201
2205
2199
2202
2201
2201
2206
2204
2208
2206
2214
2215
2213
2216
2212
2214
2212
2217
2222
2222
2218
2222
2226
2225
2227
2221
2228
2230
2231
2227
2230
2227
2232
2229
2238
2231
2237
2235
2242
2239
2236
2241
2242
2244
2247
2249
2248
2244
2248
2250
2248
2250
2252
2255
2253
2257
2252
2255
2257
2256
2258
2265
2266
2262
2260
2265
2270
2268
2269
2270
2269
2268
2269
2270
2275
2278
2279
2280
2274
2275
2277
2281
2282
2286
2280
2288
2288
2286
2289
2292
2289
2295
2293
2296
2293
2292
2295
2293
2302
2300
2299
2305
2298
2302
2304
2307
2307
2305
2310
2307
2307
2314
2311
2314
2311
2315
2315
2314
2314
2321
2316
2323
2326
2324
2322
2326
2329
2331
2327
2327
2333
2332
2331
2337
2338
2333
2334
2337
2340
2336
2340
2337
2346
2342
2348
2346
2345
2347
2345
2352
2348
2350
2354
2350
2358
2354
2352
2361
2355
2363
2358
2358
2366
2367
2362
2363
2365
2367
2367
2371
2373
2367
2376
2372
2374
2373
2379
2377
2375
2377
2376
2383
2383
2387
2386
2387
2382
2383
2387
2385
2393
2391
2390
2391
2398
2392
2392
2394
2398
2403
2397
2400
2406
2399
2400
2404
2409
2409
2408
2409
2407
2409
2411
2414
2415
2414
2416
2418
2419
2423
2416
2419
2425
2424
2425
2421
2426
2426
2432
2433
2432
2433
2434
2434
2430
2434
2435
2438
2439
2439
2441
2440
2438
2442
2442
2443
2443
2451
2444
2453
2448
2453
2452
2452
2456
2454
2455
2453
2454
2459
2456
2460
2459
2463
2462
2469
2466
2466
2468
2470
2467
2475
2468
2471
2473
2477
2476
2480
2475
2478
2484
2481
2479
2479
2480
2485
2484
2488
2492
2486
2487
2495
2494
2492
2490
2498
2496
2497
2500
2500
2504
2499
2505
2503
2505
2506
2504
2506
2511
2509
2510
2507
2515
2511
2510
2516
2516
2513
2516
2519
2520
2522
2520
2521
2526
2522
2525
2527
2531
2530
2531
2532
2531
2536
2535
2537
2538
2541
2534
2536
2544
2538
2543
2541
2542
2544
2547
2551
2552
2546
2547
2547
2556
2557
2556
2552
2554
2553
2561
2562
2558
2558
2563
2566
2566
2566
2568
2571
2567
2566
2569
2568
2572
2577
2578
2573
2577
2577
2574
2575
2583
2580
2583
2586
2584
2586
2585
2583
2591
2590
2587
2592
2588
2590
2590
2593
2596
2598
2600
2601
2604
2598
2599
2599
2605
2607
2607
2609
2610
2608
2606
2613
2610
2610
2616
2611
2614
2613
2618
2622
2619
2619
2625
2620
2621
2622
2628
2629
2625
2627
2626
2631
2631
2629
2637
2638
2635
2638
2635
2638
2641
2639
2644
2644
2646
2646
2646
2646
2650
2645
2651
2652
2649
2652
2655
2651
2652
2656
2661
2661
2656
2665
2663
2666
2664
2669
2667
2669
2666
2671
2672
2671
2668
2669
2677
2675
2676
2681
2678
2678
2678
2680
2684
2681
2687
2682
2682
2688
2686
2689
2693
2691
2696
2691
2697
2695
2697
2700
2695
2695
2696
2698
2704
2702
2707
2706
2707
2709
2712
2708
2712
2714
2711
2712
2711
2714
2716
2717
2720
2720
2723
2725
2726
2727
2725
2723
2724
2723
2731
2730
2730
2729
2733
2733
2731
2736
2732
2733
2735
2735
2739
2745
2745
2744
2747
2748
2743
2747
2745
2750
2753
2748
2753
2749
2755
2754
2754
2758
2761
2758
2757
2763
2762
2767
2767
2767
2765
2769
2772
2766
2770
2772
2774
2776
2772
2779
2777
2776
2774
2783
2780
2779
2784
2784
2783
2789
2782
2791
2792
2787
2790
2793
2792
2794
2796
2798
2794
2800
2799
2795
2803
2804
2802
2801
2803
2808
2803
2804
2809
2812
2810
2810
2815
2810
2811
2811
2817
2818
2815
2820
2817
2820
2818
2824
2824
2828
2824
2831
2827
2828
2830
2832
2830
2831
2831
2836
2840
2841
2839
2842
2842
2840
2842
2846
2844
2846
2849
2843
2850
2853
2846
2851
2848
2854
2856
2857
2855
2859
2860
2863
2862
2862
2862
2859
2868
2862
2866
2868
2870
2871
2873
2868
2871
2874
2877
2879
2877
2875
2877
2878
2882
2882
2883
2882
2883
2889
2887
2890
2891
2892
2887
2889
2894
2894
2892
2894
2897
2895
2902
2896
2898
2905
2902
2905
2905
2903
2902
2910
2909
2905
2911
2910
2913
2911
2918
2918
2912
2915
2922
2922
2920
2921
2918
2922
2923
2929
2928
2929
2924
2926
2934
2931
2928
2931
2934
2935
2937
2935
2935
2939
2939
2944
2942
2941
2943
2948
2948
2946
2945
2950
2953
2951
2956
2949
2950
2959
2952
2954
2955
2959
2963
2959
2959
2960
2963
2961
2964
2964
2964
2973
2966
2972
2969
2970
2972
2977
2977
2978
2976
2983
2982
2979
2979
2979
2987
2981
2990
2989
2986
2990
2992
2995
2995
2994
2990
2997
3000
2999
3001
3002
2997
3005
3003
3005
3000
3001
3006
3003
3011
3006
3013
3009
3009
3011
3011
3017
3013
3013
3014
3015
3017
3023
3019
3022
3028
3021
3027
3030
3024
3028
3033
3034
3034
3037
3037
3033
3033
3038
3035
3035
3043
3042
3044
3044
3040
3045
3047
3049
3049
3046
3052
3051
3055
3055
3052
3058
3054
3058
3059
3058
3064
3057
3064
3062
3063
3066
3064
3071
3068
3072
3072
3073
3074
3071
3072
3071
3078
3077
3076
3082
3076
3084
3080
3086
3080
3082
3085
3091
3090
3088
3090
3091
3095
3091
3096
3094
3092
3095
3097
3095
3100
3097
3102
3106
3107
3104
3102
3104
3108
3105
3108
3113
3108
3113
3113
3119
3113
3118
3119
3115
3119
3124
3125
3120
3124
3123
3127
3129
3126
3132
3131
3127
3129
3129
3137
3139
3134
3134
3134
3135
3136
3139
3138
3141
3145
3146
3145
3151
3148
3145
3152
3152
3155
3157
3151
3155
3156
3157
3159
3158
3158
3164
3158
3164
3167
3163
3169
3166
3168
3165
3168
3173
3169
3174
3174
3171
3180
3180
3179
3177
3177
3182
3178
3182
3181
3185
3183
3189
3186
3188
3194
3195
3194
3195
3196
3196
3193
3195
3200
3203
3200
3204
3200
3207
3202
3202
3208
3210
3206
3206
3210
3214
3216
3211
3210
3217
3217
3220
3219
3222
3220
3221
3220
3222
3221
3221
3222
3224
3229
3229
3228
3235
3230
3236
3234
3233
3237
3239
3241
3240
3238
3242
3243
3244
3248
3243
3244
3244
3251
3246
3249
3252
3253
3250
3258
3258
3260
3254
3254
3262
3257
3265
3258
3262
3266
3263
3269
3263
3271
3272
3274
3268
3273
3276
3277
3277
3280
3279
3277
3280
3281
3277
3278
3284
3285
3287
3286
3285
3285
3289
3287
3295
3289
3296
3295
3293
3295
3298
3301
3301
3302
3298
3305
3305
3305
3306
3309
3304
3305
3307
3308
3307
3313
3317
3315
3312
3318
3320
3317
3318
3321
3325
3321
3325
3325
3323
3326
3326
3328
3333
3333
3335
3334
3334
3337
3335
3340
3339
3339
3337
3339
3339
3341
3340
3347
3345
3345
3344
3352
3352
3346
3352
3352
3354
3357
3358
3354
3356
3360
3363
3356
3364
3363
3364
3365
3366
3367
3363
3372
3372
3373
3374
3368
3369
3375
3377
3375
3380
3379
3381
3384
3380
3379
3384
3380
3385
3383
3390
3386
3388
3387
3395
3389
3393
3398
3395
3395
3399
3402
3399
3400
3397
3404
3401
3405
3406
3404
3409
3405
3405
3410
3410
3413
3414
3413
3416
3418
3421
3421
3419
3416
3425
3424
3426
3420
3428
3430
3426
3428
3429
3430
3433
3431
3436
3435
3432
3433
3437
3438
3436
3437
3443
3445
3439
3448
3448
3443
3449
3449
3449
3448
3447
3449
3449
3457
3459
3455
3458
3458
3460
3458
3462
3465
3459
3468
3462
3470
3471
3467
3465
3468
3473
3474
3477
3477
3478
3473
3479
3480
3476
3482
3479
3481
3484
3487
3489
3487
3489
3485
3490
3487
3494
3493
3491
3494
3498
3497
3497
3501
3500
3504
3497
3502
3506
3506
3502
3509
3504
3512
3512
3508
3509
3513
3512
3514
3515
3512
3517
3519
3520
3519
3525
3521
3527
3526
3527
3524
3524
3531
3532
3529
3527
3531
3536
3538
3537
3534
3539
3536
3537
3544
3542
3540
3541
3548
3543
3547
3550
3552
3548
3554
3552
3555
3556
3553
3552
3552
3557
3556
3563
3556
3564
3565
3560
3562
3565
3568
3565
3569
3571
3570
3569
3575
3574
3571
3574
3580
3578
3579
3578
3577
3585
3583
3584
3585
3586
3582
3589
3586
3588
3589
3595
3594
3596
3593
3594
3599
3598
3595
3601
3596
3599
3600
3607
3608
3603
3604
3606
3608
3609
3607
3614
3613
3613
3610
3611
3614
3614
3618
3621
3624
3621
3620
3619
3624
3624
3625
3626
3627
3631
3633
3633
3633
3633
3638
3633
3634
3639
3640
3639
3643
3637
3641
3643
3643
3647
3649
3645
3645
3647
3654
3655
3649
3651
3658
3651
3654
3658
3655
3663
3656
3658
3660
3662
3668
3667
3662
3669
3667
3671
3668
3673
3676
3675
3675
3676
3680
3681
3680
3683
3680
3682
3682
3683
3682
3689
3689
3684
3690
3690
3688
3695
3696
3693
3690
3691
3693
3696
3694
3695
3698
3705
3704
3703
3705
3701
3707
3705
3709
3706
3711
3715
3712
3717
3712
3712
3717
3719
3718
3719
3717
3722
3719
3722
3726
3728
3727
3725
3727
3733
3730
3728
3730
3729
3738
3738
3732
3734
3738
3739
3743
3742
3742
3746
3741
3746
3749
3746
3747
3752
3751
3754
3751
3750
3752
3759
3755
3755
3759
3755
3763
3764
3766
3762
3763
3763
3765
3766
3771
3766
3767
3775
3772
3774
3778
3774
3774
3777
3779
3777
3779
3777
3785
3786
3781
3782
3786
3786
3791
3793
3787
3794
3795
3794
3792
3798
3794
3801
3795
3797
3798
3799
3799
3806
3800
3802
3805
3805
3812
3812
3808
3811
3816
3817
3810
3814
3812
3813
3820
3820
3816
3821
3824
3826
3823
3825
3829
3823
3824
3827
3834
3828
3828
3830
3833
3834
3838
3836
3835
3839
3843
3837
3844
3847
3847
3846
3844
3847
3851
3849
3848
3849
3848
3853
3853
3854
3860
3860
3861
3860
3857
3862
3864
3866
3865
3869
3868
3865
3866
3867
3871
3869
3874
3871
3875
3879
3878
3876
3879
3876
3880
3885
3884
3883
3884
3881
3890
3884
3887
3885
3886
3887
3888
3894
3890
3892
3898
3901
3897
3899
3903
3897
3903
3899
3900
3909
3909
3904
3904
3910
3906
3908
3916
3909
3915
3913
3914
3914
3917
3923
3920
3917
3918
3925
3927
3927
3927
3923
3927
3933
3934
3930
3935
3929
3933
3935
3939
3939
3938
3938
3941
3937
3941
3941
3947
3943
3947
3946
3952
3946
3948
3955
3953
3951
3954
3951
3954
3960
3955
3956
3957
3961
3961
3963
3960
3967
3963
3963
3969
3970
3973
3973
3971
3969
3971
3971
3977
3976
3978
3982
3984
3977
3978
3982
3984
3989
3982
3987
3988
3989
3991
3989
3995
3997
3997
3995
3997
3993
3995
4002
4004
4004
4002
4006
4001
4006
4002
4006
4012
4005
4012
4012
4009
4011
4011
4014
4016
4016
4018
4019
4018
4023
4024
4025
4023
4027
4029
4027
4030
4026
4030
4034
4031
4035
4030
4035
4034
4037
4035
4040
4039
4038
4041
4040
4041
4049
4046
4050
4050
4046
4049
4054
4052
4052
4058
4055
4052
4061
4057
4057
4061
4061
4064
4065
4066
4061
4063
4067
4071
4071
4071
4067
4071
4077
4076
4075
4078
4076
4079
4075
4084
4084
4078
4082
4084
4082
4090
4083
4084
4089
4089
4093
4093
4096
4097
4092
4100
4097
4096
4098
4098
4103
4099
4104
4100
4105
4102
4106
4104
4105
4109
4114
4110
4109
4111
4114
4116
4114
4122
4119
4116
4120
4125
4124
4124
4121
4127
4126
4125
4125
4129
4128
4129
4129
4137
4139
4132
4133
4141
4135
4136
4145
4139
4140
4146
4145
4146
4148
4151
4153
4148
4147
4156
4150
4153
4158
4152
4160
4157
4158
4160
4157
4162
4164
4165
4166
4166
4164
4171
4170
4166
4171
4175
4170
4171
4176
4175
4173
4177
4175
4178
4177
4180
4187
4185
4182
4187
4185
4191
4190
4193
4193
4192
4196
4193
4199
4199
4196
4195
4198
4200
4201
4201
4200
4200
4209
4203
4208
4208
4213
4207
4209
4210
4216
4211
4213
4214
4213
4221
4217
4217
4218
4223
4225
4228
4226
4225
4227
4230
4228
4227
4234
4228
4237
4232
4231
4240
4234
4239
4236
4238
4241
4242
4239
4244
4242
4242
4248
4245
4245
4249
4248
4255
4256
4254
4251
4253
4253
4259
4262
4263
4259
4261
4261
4264
4269
4263
4269
4268
4271
4274
4274
4275
4269
4271
4279
4276
4279
4282
4277
4284
4278
4279
4279
4288
4285
4289
4283
4290
4293
4292
4290
4293
4293
4292
4293
4299
4301
4300
4300
4304
4304
4306
4300
4307
4303
4307
4307
4310
4307
4306
4310
4309
4317
4313
4311
4319
4319
4315
4315
4319
4319
4326
4326
4328
4322
4324
4329
4331
4327
4328
4330
4328
4336
4331
4339
4337
4337
4335
4335
4341
4341
4343
4343
4348
4346
4347
4346
4351
4345
4353
4350
4356
4357
4353
4358
4352
4360
4355
4359
4359
4362
4361
4362
4367
4361
4365
4365
4371
4365
4370
4374
4373
4377
4374
4372
4380
4376
4380
4379
4377
4377
4378
4387
4382
4389
4383
4383
4384
4390
4388
4387
4389
4394
4391
4395
4400
4394
4400
4403
4399
4399
4400
4404
4400
4401
4407
4410
4412
4413
4411
4411
4415
4413
4413
4411
4420
4416
4418
4422
4419
4418
4422
4422
4422
4425
4425
4431
4425
4429
4426
4430
4435
4435
4436
4432
4440
4438
4442
4438
4436
4443
4441
4439
4444
4448
4442
4443
4448
4446
4452
4453
4454
4454
4457
4452
4458
4454
4462
4457
4459
4464
4464
4461
4461
4461
4467
4466
4467
4467
4470
4467
4476
4471
4473
4474
4476
4474
4480
4478
4477
4479
4484
4482
4484
4486
4487
4488
4491
4485
4493
4493
4496
4490
4498
4498
4497
4498
4497
4496
4497
4501
4505
4507
4501
4507
4506
4510
4504
4506
4506
4515
4510
4515
4515
4513
4518
4521
4514
4522
4523
4517
4521
4522
4523
4525
4527
4529
4527
4529
4528
4530
4529
4530
4536
4537
4533
4533
4540
4540
4543
4537
4544
4544
4546
4544
4549
4546
4552
4549
4553
4555
4548
4553
4554
4557
4552
4557
4555
4557
4556
4563
4562
4562
4563
4561
4564
4568
4567
4565
4572
4567
4575
4572
4573
4577
4579
4576
4582
4576
4582
4580
4585
4585
4586
4585
4582
4591
4588
4589
4586
4588
4590
4596
4598
4594
4596
4598
4596
4597
4596
4600
4604
4605
4600
4603
4608
4608
4612
4607
4608
4615
4610
4611
4612
4612
4612
4615
4622
4619
4621
4619
4626
4626
4623
4623
4628
4630
4624
4633
4634
4631
4634
4636
4634
4639
4634
4634
4637
4637
4640
4640
4640
4646
4643
4646
4642
4647
4644
4647
4652
4648
4653
4649
4658
4659
4653
4655
4661
4656
4662
4661
4664
4659
4660
4663
4664
4664
4669
4673
4666
4672
4671
4677
4675
4674
4679
4675
4677
4677
4683
4677
4678
4682
4688
4681
4689
4687
4691
4685
4692
4693
4692
4689
4696
4698
4698
4700
4701
4701
4700
4703
4700
4706
4700
4705
4706
4707
4706
4713
4712
4715
4714
4716
4713
4714
4717
4717
4714
4720
4724
4719
4724
4719
4725
4725
4726
4730
4729
4725
4726
4728
4728
4730
4738
4734
4737
4740
4742
4736
4737
4741
4741
4741
4740
4745
4750
4746
4744
4749
4749
4752
4752
4754
4758
4751
4760
4758
4759
4759
4761
4765
4766
4761
4768
4765
4764
4771
4771
4765
4771
4767
4771
4775
4777
4773
4778
4776
4780
4777
4781
4784
4779
4785
4781
4783
4785
4784
4785
4785
4788
4788
4789
4795
4796
4796
4795
4798
4796
4800
4804
4798
4801
4803
4801
4807
4807
4806
4812
4811
4811
4807
4810
4815
4815
4813
4818
4815
4822
4815
4817
4819
4818
4826
4827
4823
4830
4831
4831
4833
4832
4832
4835
4837
4832
4832
4839
4841
4841
4842
4844
4845
4845
4845
4841
4846
4844
4846
4848
4845
4847
4854
4855
4853
4858
4852
4853
4859
4855
4860
4860
4860
4862
4864
4862
4861
4865
4867
4872
4865
4871
4872
4872
4874
4874
4875
4878
4878
4875
4883
4884
4879
4881
4882
4884
4888
4882
4887
4889
4891
4894
4893
4888
4890
4895
4893
4895
4896
4894
4895
4896
4904
4902
4899
4908
4907
4902
4909
4905
4906
4906
4909
4910
4913
4910
4911
4916
4915
4919
4916
4918
4924
4925
4921
4927
4922
4923
4924
4928
4929
4928
4930
4928
4929
4934
4933
4934
4937
4942
4935
4944
4939
4946
4942
4946
4944
4948
4949
4952
4945
4951
4952
4951
4956
4954
4955
4952
4959
4955
4959
4960
4962
4962
4966
4968
4967
4970
4966
4964
4973
4972
4975
4970
4970
4977
4971
4975
4977
4977
4980
4982
4978
4981
4982
4983
4989
4986
4990
4987
4992
4994
4989
4988
4995
4998
4992
4998
4998
4999
4995
5001
5005
4998
5001
5000
5005
5006
5008
5005
5011
5010
5014
5008
5017
5015
5014
5014
5014
5014
5019
5019
5025
5018
5021
5027
5029
5026
5027
5031
5029
5031
5034
5029
5034
5036
5034
5035
5036
5042
5039
5037
5041
5045
5045
5047
5046
5044
5050
5049
5048
5050
5055
5049
5054
5057
5058
5052
5057
5056
5057
5064
5059
5060
5065
5067
5062
5064
5071
5069
5073
5072
5075
5075
5071
5074
5075
5072
5075
5080
5081
5076
5085
5080
5084
5083
5089
5085
5083
5090
5088
5093
5089
5093
5093
5096
5092
5099
5097
5100
5097
5099
5102
5102
5107
5104
5107
5102
5106
5106
5109
5110
5113
5112
5115
5112
5111
5116
5121
5118
5115
5124
5121
5125
5120
5126
5121
5126
5126
5130
5132
5126
5133
5136
5135
5131
5131
5138
5135
5137
5139
5138
5143
5146
5142
5145
5144
5147
5145
5147
5149
5146
5152
5156
5152
5156
5155
5158
5159
5161
5163
5161
5160
5164
5160
5160
5164
5162
5165
5171
5165
5173
5171
5170
5174
5173
5174
5175
5176
5182
5183
5176
5178
5179
5181
5180
5182
5189
5191
5184
5189
5189
5192
5188
5196
5198
5195
5192
5201
5201
5199
5198
5198
5199
5202
5206
5208
5206
5211
5205
5207
5206
5210
5210
5215
5216
5219
5213
5213
5215
5222
5216
5223
5226
5220
5224
5224
5222
5226
5227
5230
5234
5234
5228
5232
5232
5237
5235
5240
5235
5239
5237
5237
5241
5242
5248
5249
5245
5250
5249
5248
5247
5253
5253
5249
5256
5255
5254
5253
5259
5263
5258
5264
5260
5267
5267
5269
5269
5270
5270
5272
5274
5270
5276
5270
5273
5278
5280
5280
5275
5281
5283
5282
5278
5287
5282
5281
5286
5287
5292
5289
5289
5291
5288
5295
5294
5297
5292
5298
5294
5300
5301
5305
5300
5299
5306
5304
5306
5309
5312
5309
5307
5309
5312
5314
5312
5318
5319
5320
5315
5317
5316
5324
5319
5327
5321
5327
5329
5329
5324
5327
5334
5329
5332
5336
5336
5338
5336
5341
5337
5339
5343
5344
5344
5343
5346
5341
5343
5351
5345
5345
5349
5351
5353
5353
5356
5354
5355
5354
5362
5360
5356
5362
5362
5360
5360
5368
5370
5364
5371
5369
5373
5375
5376
5371
5372
5375
5373
5380
5381
5376
5381
5382
5384
5379
5387
5389
5389
5384
5386
5388
5391
5388
5392
5396
5390
5396
5394
5394
5402
5402
5399
5403
5404
5402
5404
5402
5408
5406
5407
5411
5413
5414
5414
5411
5411
5417
5418
5419
5419
5416
5420
5420
5425
5427
5422
5425
5424
5429
5425
5433
5428
5432
5428
5437
5432
5431
5439
5434
5438
5435
5436
5443
5438
5439
5448
5447
5449
5450
5448
5447
5451
5449
5456
5451
5453
5452
5460
5458
5461
5463
5456
5463
5464
5467
5462
5467
5468
5464
5466
5465
5468
5468
5476
5470
5475
5475
5473
5473
5480
5480
5482
5481
5480
5480
5481
5487
5488
5484
5489
5489
5491
5489
5496
5496
5492
5491
5495
5499
5502
5502
5497
5504
5506
5507
5506
5508
5509
5506
5506
5512
5511
5512
5510
5509
5510
5515
5516
5520
5518
5521
5519
5517
5519
5522
5524
5528
5530
5524
5527
5531
5532
5534
5530
5529
5532
5535
5539
5535
5538
5538
5538
5538
5545
5547
5541
5544
5548
5548
5550
5549
5550
5552
5554
5557
5555
5555
5558
5556
5555
5563
5561
5560
5566
5561
5567
5563
5566
5571
5564
5571
5567
5575
5572
5575
5574
5573
5573
5578
5581
5581
5576
5581
5578
5582
5582
5589
5586
5589
5588
5593
5589
5592
5592
5589
5595
5596
5595
5593
5597
5602
5604
5599
5606
5603
5604
5608
5607
5606
5605
5609
5609
5612
5613
5615
5615
5615
5612
5621
5620
5618
5623
5622
5623
5620
5624
5621
5623
5630
5632
5627
5626
5628
5629
5636
5638
5635
5640
5641
5634
5636
5636
5645
5644
5644
5640
5649
5644
5646
5647
5646
5653
5648
5654
5656
5652
5651
5657
5655
5661
5659
5658
5664
5662
5662
5660
5667
5665
5664
5670
5665
5669
5670
5674
5677
5670
5673
5679
5679
5675
5678
5680
5683
5680
5683
5684
5686
5689
5684
5685
5689
5693
5689
5688
5697
5695
5697
5698
5701
5694
5702
5700
5702
5699
5701
5702
5705
5703
5708
5706
5707
5708
5707
5710
5710
5714
5711
5714
5713
5722
5720
5723
5723
5726
5721
5726
5726
5722
5729
5729
5732
5729
5735
5735
5735
5738
5732
5735
5737
5739
5737
5743
5740
5744
5739
5741
5741
5748
5749
5748
5751
5753
5748
5749
5757
5754
5758
5755
5761
5757
5761
5758
5758
5763
5762
5761
5763
5766
5767
5766
5770
5771
5774
5774
5777
5770
5773
5779
5775
5782
5783
5779
5779
5783
5784
5782
5781
5787
5791
5789
5788
5786
5787
5795
5795
5798
5793
5794
5799
5795
5803
5799
5802
5806
5799
5805
5804
5808
5810
5806
5805
5810
5809
5814
5813
5813
5817
5813
5816
5818
5821
5818
5821
5820
5825
5821
5828
5830
5830
5832
5826
5830
5833
5833
5832
5833
5831
5837
5835
5839
5835
5836
5845
5839
5839
5845
5841
5849
5844
5851
5845
5850
5848
5854
5856
5857
5853
5854
5857
5858
5860
5860
5863
5865
5865
5861
5867
5869
5871
5864
5871
5870
5875
5873
5873
5875
5875
5879
5875
5881
5875
5876
5883
5884
5880
5882
5887
5886
5886
5890
5890
5890
5887
5896
5892
5894
5893
5900
5895
5894
5898
5897
5902
5905
5902
5904
5909
5905
5908
5912
5912
5910
5907
5910
5916
5911
5913
5914
5916
5917
5922
5916
5925
5921
5925
5927
5925
5924
5931
5927
5930
5926
5934
5936
5929
5931
5934
5939
5934
5936
5939
5940
5941
5944
5944
5944
5942
5943
5947
5949
5946
5948
5955
5952
5949
5958
5951
5956
5959
5954
5962
5960
5961
5958
5964
5965
5964
5963
5969
5972
5970
5968
5970
5972
5971
5976
5977
5974
5974
5978
5982
5984
5980
5985
5987
5983
5983
5982
5990
5990
5987
5989
5987
5994
5990
5990
5999
5992
5994
6001
5997
6002
6004
6006
6001
6005
6009
6010
6005
6011
6008
6008
6015
6015
6016
6013
6018
6016
6020
6015
6015
6021
6017
6026
6023
6022
6024
6030
6024
6024
6028
6033
6035
6036
6035
6037
6034
6033
6041
6042
6038
6039
6041
6039
6041
6041
6042
6046
6046
6052
6046
6053
6049
6052
6055
6051
6056
6054
6060
6057
6056
6060
6058
6065
6063
6061
6065
6070
6068
6072
6067
6071
6071
6075
6076
6076
6076
6075
6081
6077
6083
6083
6078
6081
6083
6086
6088
6088
6086
6086
6085
6086
6094
6095
6095
6095
6097
6092
6101
6096
6096
6098
6100
6105
6105
6103
6106
6102
6111
6112
6110
6111
6107
6108
6114
6111
6114
6120
6118
6122
6115
6116
6119
6120
6121
6124
6129
6126
6126
6130
6125
6130
6130
6135
6133
6138
6134
6134
6136
6137
6141
6141
6143
6138
6145
6142
6143
6150
6146
6151
6148
6152
6154
6152
6154
6152
6156
6156
6155
6156
6161
6162
6165
6163
6161
6161
6163
6169
6170
6164
6166
6170
6167
6171
6177
6170
6178
6172
6179
6178
6181
6181
6183
6180
6179
6181
6188
6183
6184
6190
6193
6193
6194
6193
6195
6190
6198
6192
6200
6200
6198
6199
6203
6202
6200
6205
6205
6208
6204
6208
6212
6212
6214
6208
6209
6217
6216
6215
6213
6220
6223
6222
6220
6222
6220
6220
6222
6226
6228
6225
6229
6229
6232
6235
6230
6236
6239
6238
6236
6242
6242
6243
6244
6241
6246
6242
6245
6250
6243
6251
6248
6251
6253
6251
6257
6255
6257
6256
6256
6259
6259
6262
6261
6266
6260
6264
6261
6270
6267
6267
6269
6267
6272
6268
6276
6275
6276
6275
6274
6277
6276
6283
6281
6279
6281
6288
6283
6289
6290
6289
6291
6293
6291
6288
6294
6291
6291
6295
6299
6298
6302
6300
6302
6299
6307
6300
6308
6305
6311
6311
6313
6306
6313
6312
6312
6313
6317
6320
6316
6316
6316
6316
6324
6321
6323
6325
6322
6330
6323
6325
6325
6331
6329
6336
6335
6332
6339
6333
6333
6335
6341
6341
6342
6346
6346
6345
6343
6350
6345
6349
6350
6347
6353
6356
6356
6350
6359
6357
6354
6355
6359
6356
6358
6359
6367
6360
6364
6366
6371
6366
6373
6369
6369
6373
6374
6374
6373
6374
6374
6378
6379
6377
6383
6386
6387
6380
6381
6382
6387
6391
6392
6390
6392
6394
6397
6393
6396
6399
6398
6402
6395
6397
6402
6400
6404
6408
6403
6410
6405
6407
6411
6414
6411
6413
6409
6415
6418
6414
6415
6422
6423
6419
6422
6424
6419
6426
6424
6425
6427
6428
6427
6432
6429
6436
6433
6438
6434
6432
6436
6440
6438
6436
6437
6443
6439
6440
6448
6443
6446
6451
6453
6451
6454
6454
6456
6457
6456
6453
6461
6462
6456
6456
6463
6461
6461
6463
6461
6469
6465
6464
6465
6471
6473
6475
6473
6473
6472
6478
6480
6481
6482
6480
6484
6486
6486
6482
6483
6489
6489
6487
6492
6486
6492
6492
6497
6495
6499
6498
6500
6497
6503
6500
6501
6506
6500
6505
6509
6505
6505
6512
6509
6507
6512
6508
6510
6517
6518
6517
6518
6514
6518
6518
6521
6520
6522
6526
6521
6525
6525
6527
6530
6532
6531
6528
6536
6532
6531
6538
6534
6541
6537
6537
6541
6541
6547
6548
6542
6546
6548
6545
6550
6553
6554
6548
6554
6552
6557
6558
6559
6554
6559
6558
6564
6559
6559
6566
6565
6562
6567
6565
6573
6567
6574
6573
6577
6574
6579
6572
6581
6574
6579
6578
6585
6581
6583
6581
6582
6583
6590
6592
6586
6593
6592
6589
6594
6595
6599
6593
6594
6596
6600
6600
6603
6603
6599
6601
6609
6608
6607
6607
6613
6609
6608
6613
6612
6610
6612
6619
6621
6616
6617
6620
6618
6618
6626
6623
6625
6625
6627
6632
6627
6633
6635
6630
6630
6635
6636
6632
6641
6640
6637
6637
6639
6638
6639
6640
6645
6647
6651
6651
6651
6653
6655
6655
6651
6652
6654
6659
6658
6656
6657
6663
6659
6658
6660
6665
6665
6669
6664
6670
6665
6672
6673
6676
6675
6670
6678
6680
6678
6678
6683
6678
6680
6686
6681
6687
6683
6686
6683
6685
6689
6692
6690
6691
6697
6694
6694
6693
6697
6695
6696
6704
6697
6705
6704
6704
6701
6706
6704
6704
6705
6710
6712
6711
6714
6717
6719
6714
6713
6718
6718
6720
6721
6721
6719
6720
6725
6724
6724
6725
6725
6732
6728
6735
6734
6736
6737
6732
6735
6737
6742
6738
6739
6744
6742
6745
6746
6750
6751
6749
6747
6750
6747
6749
6755
6758
6755
6757
6755
6755
6761
6758
6761
6758
6765
6768
6768
6767
6767
6767
6769
6773
6770
6775
6773
6773
6777
6780
6780
6778
6780
6779
6784
6778
6780
6784
6782
6782
6789
6788
6786
6790
6793
6796
6789
6793
6797
6795
6793
6797
6799
6797
6803
6803
6807
6803
6806
6806
6808
6808
6810
6810
6815
6815
6814
6814
6818
6814
6818
6814
6819
6819
6822
6826
6822
6822
6822
6829
6829
6824
6827
6830
6832
6832
6835
6836
6834
6839
6837
6840
6841
6844
6845
6840
6843
6847
6848
6843
6844
6852
6850
6848
6847
6854
6857
6856
6851
6856
6857
6859
6855
6860
6860
6865
6860
6866
6869
6862
6868
6872
6865
6872
6874
6868
6876
6875
6876
6880
6880
6876
6876
6876
6880
6885
6881
6880
6889
6889
6885
6888
6890
6887
6894
6896
6889
6890
6899
6896
6900
6899
6899
6904
6900
6903
6906
6908
6901
6908
6903
6908
6911
6912
6910
6912
6909
6916
6913
6913
6921
6922
6922
6916
6920
6926
6922
6923
6923
6929
6927
6928
6933
6930
6931
6934
6936
6930
6932
6934
6938
6939
6941
6939
6938
6945
6946
6940
6947
6945
6950
6946
6948
6947
6950
6954
6949
6952
6952
6954
6957
6962
6962
6963
6960
6958
6960
6968
6968
6969
6963
6968
6965
6973
6975
6972
6974
6971
6975
6976
6973
6980
6981
6982
6980
6979
6980
6984
6989
6990
6984
6986
6986
6993
6995
6995
6990
6993
6995
6995
6998
6996
7000
7001
7002
7002
7002
7004
7005
7002
7006
7009
7013
7008
7007
7015
7010
7011
7012
7018
7018
7018
7016
7016
7023
7024
7024
7028
7024
7028
7028
7032
7033
7026
7034
7031
7030
7030
7034
7032
7035
7042
7036
7037
7037
7046
7047
7041
7044
7048
7045
7045
7049
7047
7048
7049
7055
7053
7054
7060
7061
7057
7055
7059
7058
7061
7066
7065
7061
7068
7068
7069
7066
7067
7067
7073
7071
7071
7077
7075
7081
7076
7076
7078
7077
7085
7086
7082
7088
7084
7090
7087
7087
7093
7093
7094
7090
7095
7096
7094
7096
7098
7097
7103
7099
7102
7100
7104
7104
7104
7104
7110
7106
7112
7111
7110
7117
7118
7113
7112
7116
7119
7117
7121
7120
7121
7119
7121
7127
7128
7131
7131
7127
7130
7130
7129
7133
7134
7131
7139
7135
7138
7139
7141
7144
7142
7145
7142
7145
7143
7149
7150
7151
7154
7147
7156
7155
7154
7156
7156
7154
7160
7163
7157
7160
7163
7161
7166
7166
7162
7169
7170
7173
7173
7171
7172
7172
7177
7172
7175
7175
7181
7176
7180
7184
7186
7186
7180
7183
7183
7188
7189
7187
7187
7187
7188
7196
7190
7197
7192
7200
7200
7196
7204
7204
7201
7202
7206
7209
7204
7210
7208
7206
7213
7208
7211
7213
7217
7219
7214
7217
7219
7218
7219
7223
7218
7225
7223
7222
7226
7230
7230
7233
7227
7232
7233
7231
7234
7235
7238
7239
7239
7242
7241
7239
7246
7242
7246
7247
7245
7245
7252
7247
7249
7250
7252
7252
7257
7252
7260
7261
7259
7258
7264
7265
7266
7261
7264
7265
7263
7263
7266
7267
7266
7268
7275
7276
7275
7275
7274
7279
7276
7275
7281
7283
7281
7280
7285
7288
7285
7286
7285
7286
7290
7295
7296
7296
7295
7296
7294
7301
7302
7295
7301
7302
7298
7305
7301
7309
7307
7309
7306
7312
7314
7310
7316
7314
7312
7315
7317
7318
7315
7320
7323
7325
7325
7325
7322
7329
7323
7330
7325
7332
7329
7329
7330
7336
7333
7332
7334
7337
7342
7336
7337
7343
7344
7341
7348
7346
7349
7349
7348
7346
7354
7354
7351
7349
7352
7354
7357
7357
7361
7363
7360
7364
7360
7366
7367
7369
7370
7368
7366
7373
7366
7369
7375
7371
7375
7371
7373
7378
7381
7382
7380
7384
7384
7387
7384
7382
7388
7383
7389
7390
7394
7393
7395
7391
7396
7399
7400
7400
7400
7397
7401
7398
7404
7403
7406
7409
7408
7406
7406
7407
7407
7407
7416
7415
7412
7417
7413
7414
7418
7419
7418
7422
7423
7420
7423
7429
7429
7430
7427
7427
7427
7435
7435
7429
7431
7432
7438
7441
7438
7437
7436
7441
7440
7442
7444
7442
7444
7450
7446
7448
7451
7453
7456
7451
7452
7452
7457
7459
7455
7462
7462
7460
7459
7465
7465
7468
7468
7464
7472
7470
7470
7474
7475
7474
7471
7473
7473
7480
7478
7483
7477
7481
7486
7486
7485
7484
7486
7489
7488
7490
7494
7489
7488
7493
7497
7499
7497
7493
7498
7496
7502
7499
7504
7501
7508
7503
7510
7504
7506
7509
7513
7510
7510
7517
7511
7519
7513
7519
7518
7522
7521
7524
7518
7526
7526
7522
7525
7528
7528
7526
7526
7532
7528
7537
7534
7531
7535
7539
7542
7543
7537
7545
7538
7541
7546
7543
7542
7550
7549
7545
7551
7551
7552
7557
7551
7556
7560
7557
7562
7562
7558
7563
7558
7567
7563
7564
7562
7563
7571
7567
7574
7573
7569
7569
7575
7571
7575
7577
7582
7582
7577
7580
7585
7581
7583
7589
7588
7584
7584
7590
7592
7592
7592
7597
7595
7592
7598
7601
7598
7601
7602
7605
7600
7602
7607
7607
7604
7605
7605
7607
7610
7610
7610
7617
7618
7611
7615
7619
7616
7619
7618
7618
7619
7622
7621
7627
7622
7627
7624
7628
7634
7627
7631
7631
7630
7631
7640
7635
7635
7641
7643
7643
7643
7644
7640
7643
7649
7644
7645
7645
7653
7647
7654
7655
7656
7654
7658
7655
7657
7660
7657
7662
7666
7659
7660
7667
7666
7663
7670
7667
7666
7670
7671
7675
7678
7678
7676
7674
7676
7681
7681
7680
7681
7679
7684
7688
7686
7689
7692
7691
7687
7693
7690
7693
7698
7693
7694
7695
7695
7702
7700
7702
7703
7704
7707
7709
7710
7707
7710
7706
7708
7715
7713
7711
7712
7715
7714
7714
7721
7722
7717
7724
7726
7719
7725
7722
7727
7730
7726
7728
7734
7735
7734
7732
7733
7734
7733
7734
7738
7738
7742
7739
7738
7747
7743
7742
7747
7746
7745
7748
7748
7754
7750
7754
7750
7759
7753
7758
7755
7762
7758
7763
7761
7767
7765
7767
7766
7766
7764
7770
7773
7773
7771
7771
7770
7777
7778
7778
7774
7776
7778
7779
7784
7781
7780
7781
7787
7791
7787
7787
7794
7789
7791
7794
7796
7798
7794
7799
7800
7800
7804
7801
7805
7800
7805
7808
7802
7811
7806
7805
7809
7812
7812
7815
7816
7814
7814
7816
7816
7820
7823
7819
7824
7825
7823
7826
7830
7827
7826
7827
7827
7830
7834
7830
7830
7833
7832
7836
7836
7837
7837
7844
7844
7843
7847
7846
7842
7850
7846
7852
7852
7847
7853
7849
7857
7853
7855
7860
7861
7860
7857
7859
7865
7865
7860
7866
7865
7871
7868
7873
7872
7867
7871
7874
7870
7875
7873
7873
7875
7877
7881
7878
7879
7887
7887
7882
7884
7883
7892
7889
7886
7895
7891
7895
7894
7894
7894
7900
7900
7896
7896
7901
7900
7902
7906
7908
7904
7909
7911
7909
7906
7908
7910
7916
7916
7916
7919
7918
7916
7919
7924
7925
7926
7927
7920
7927
7922
7929
7925
7930
7929
7934
7932
7935
7932
7931
7939
7938
7941
7938
7937
7943
7942
7942
7943
7947
7942
7944
7945
7948
7953
7949
7951
7957
7950
7959
7952
7957
7954
7961
7957
7962
7964
7963
7966
7967
7963
7966
7966
7967
7966
7974
7971
7970
7970
7979
7974
7975
7978
7983
7980
7977
7982
7982
7981
7981
7988
7987
7984
7985
7992
7994
7992
7993
7998
7993
8000
7993
8002
7996
7996
7999
8005
8006
8004
8002
8004
8008
8008
8012
8012
8009
8014
8016
8017
8014
8018
8020
8014
8020
8024
8021
8021
8019
8021
8028
8027
8023
8026
8033
8034
8028
8033
8037
8037
8036
8032
8039
8038
8041
8042
8040
8042
8041
8045
8041
8044
8050
8052
8050
8048
8054
8056
8050
8057
8055
8055
8059
8060
8061
8058
8057
8066
8065
8064
8067
8068
8067
8065
8072
8070
8072
8071
8077
8070
8072
8075
8077
8075
8083
8079
8079
8081
8082
8085
8083
8090
8084
8090
8085
8094
8095
8088
8094
8098
8098
8099
8093
8102
8096
8096
8102
8102
8103
8100
8104
8110
8109
8108
8106
8108
8114
8109
8109
8114
8116
8118
8119
8115
8120
8120
8122
8126
8124
8120
8123
8124
8124
8131
8132
8131
8129
8134
8129
8131
8139
8135
8138
8137
8138
8138
8141
8138
8141
8147
8142
8144
8150
8147
8147
8154
8148
8155
8154
8150
8158
8158
8158
8158
8161
8156
8160
8164
8164
8163
8168
8167
8168
8171
8168
8170
8168
8171
8174
8175
8179
8180
8176
8175
8177
8180
8182
8184
8185
8184
8185
8186
8190
8187
8190
8189
8191
8193
8190
8196
8198
8199
8198
8202
8195
8197
8201
8205
8205
8202
8206
8209
8206
8211
8208
8206
8212
8215
8212
8217
8218
8220
8217
8216
8220
8223
8218
8221
8224
8224
8221
8223
8231
8226
8228
8233
8235
8231
8231
8238
8236
8240
8238
8235
8240
8241
8238
8241
8246
8246
8241
8248
8247
8248
8252
8253
8250
8254
8252
8252
8251
8254
8253
8260
8262
8263
8257
8263
8262
8263
8265
8266
8264
8268
8273
8272
8274
8275
8276
8277
8276
8276
8279
8276
8275
8282
8277
8285
8282
8280
8286
8290
8284
8284
8291
8288
8287
8295
8294
8297
8292
8297
8301
8299
8300
8297
8303
8303
8300
8303
8304
8303
8303
8304
8309
8309
8311
8313
8311
8318
8311
8318
8319
8321
8321
8320
8322
8319
8326
8327
8326
8323
8323
8327
8327
8326
8329
8332
8335
8330
8331
8332
8341
8334
8337
8340
8344
8342
8340
8344
8342
8342
8343
8350
8346
8351
8353
8354
8355
8351
8351
8354
8361
8359
8361
8363
8357
8366
8363
8364
8363
8362
8369
8371
8369
8372
8370
8372
8371
8372
8379
8377
8379
8379
8377
8380
8378
8385
8382
8386
8381
8389
8387
8390
8385
8387
8388
8392
8394
8394
8392
8400
8395
8394
8402
8401
8400
8400
8407
8400
8404
8403
8403
8412
8405
8414
8410
8415
8417
8415
8419
8420
8414
8416
8418
8418
8425
8420
8427
8422
8425
8423
8430
8432
8426
8426
8430
8430
8434
8434
8433
8437
8433
8438
8443
8443
8442
8446
8444
8447
8445
8450
8450
8444
8452
8453
8447
8451
8454
8457
8451
8459
8460
8456
8460
8463
8457
8464
8465
8460
8463
8469
8470
8472
8470
8469
8475
8469
8474
8471
8477
8474
8478
8480
8479
8482
8485
8485
8485
8485
8483
8486
8490
8492
8486
8492
8494
8492
8490
8495
8495
8496
8499
8499
8500
8502
8503
8502
8499
8501
8509
8504
8504
8509
8507
8509
8513
8510
8509
8511
8515
8517
8521
8518
8518
8518
8522
8525
8519
8522
8529
8525
8527
8525
8530
8530
8532
8529
8535
8538
8538
8536
8540
8538
8539
8541
8545
8542
8545
8547
8547
8549
8543
8552
8549
8553
8552
8555
8554
8554
8557
8552
8561
8560
8555
8562
8557
8565
8563
8567
8565
8562
8569
8566
8565
8566
8568
8574
8576
8574
8579
8572
8575
8577
8579
8577
8579
8581
8581
8587
8589
8583
8583
8592
8593
8589
8592
8594
8597
8595
8596
8593
8594
8597
8601
8597
8602
8598
8605
8600
8608
8604
8610
8611
8612
8613
8615
8615
8611
8613
8615
8618
8620
8617
8622
8619
8624
8618
8622
8622
8626
8630
8623
8631
8631
8634
8631
8632
8634
8638
8639
8638
8638
8634
8638
8639
8639
8645
8639
8640
8645
8648
8644
8646
8646
8652
8648
8655
8654
8652
8652
8653
8656
8654
8657
8664
8660
8660
8664
8667
8664
8662
8664
8669
8670
8667
8675
8669
8677
8677
8676
8672
8676
8681
8681
8681
8683
8685
8679
8685
8682
8684
8684
8688
8689
8692
8687
8691
8692
8691
8697
8700
8696
8701
8700
8701
8697
8706
8704
8701
8702
8706
8706
8704
8710
8713
8708
8710
8710
8716
8712
8712
8721
8719
8715
8719
8719
8724
8723
8720
8725
8730
8728
8731
8727
8727
8729
8733
8736
8730
8735
8740
8736
8736
8736
8743
8742
8740
8745
8741
8748
8746
8748
8747
8748
8753
8747
8753
8752
8758
8751
8752
8760
8762
8761
8764
8758
8765
8762
8762
8763
8767
8764
8768
8770
8769
8767
8772
8769
8771
8779
8777
8780
8774
8779
8776
8778
8783
8786
8787
8787
8785
8787
8787
8786
8788
8788
8791
8789
8796
8797
8793
8798
8796
8795
8798
8801
8800
8806
8804
8809
8806
8810
8807
8806
8814
8811
8816
8809
8812
8818
8814
8819
8817
8817
8821
8825
8826
8826
8820
8827
8823
8824
8826
8829
8830
8832
8831
8831
8833
8836
8840
8833
8838
8841
8839
8843
8841
8843
8847
8846
8843
8850
8848
8849
8851
8854
8853
8853
8857
8855
8853
8861
8856
8861
8861
8863
8863
8864
8865
8863
8863
8865
8865
8872
8874
8870
8869
8869
8873
8872
8873
8881
8881
8875
8879
8877
8878
8879
8880
8889
8889
8889
8890
8888
8893
8891
8896
8890
8895
8897
8893
8899
8902
8901
8902
8905
8906
8905
8905
8903
8906
8909
8908
8910
8914
8908
8909
8917
8913
8913
8917
8917
8915
8915
8916
8922
8922
8924
8922
8925
8924
8923
8924
8931
8932
8930
8934
8937
8936
8932
8940
8941
8940
8943
8938
8943
8942
8946
8944
8946
8944
8950
8947
8945
8950
8955
8955
8955
8952
8952
8953
8954
8960
8961
8957
8964
8964
8960
8965
8967
8970
8964
8968
8972
8973
8971
8968
8969
8974
8976
8973
8981
8978
8981
8980
8979
8980
8979
8987
8988
8987
8991
8990
8989
8992
8987
8993
8992
8992
8999
8997
8999
9001
8997
9000
9000
9005
9002
9003
9008
9002
9007
9010
9012
9013
9015
9011
9014
9012
9017
9017
9014
9017
9018
9017
9019
9021
9020
9024
9024
9024
9024
9028
9028
9027
9029
9036
9030
9033
9038
9034
9034
9041
9038
9042
9043
9040
9043
9040
9047
9047
9048
9047
9053
9046
9051
9050
9049
9051
9056
9054
9061
9062
9057
9061
9061
9066
9063
9065
9066
9070
9070
9071
9067
9067
9071
9074
9076
9071
9079
9074
9081
9081
9078
9084
9080
9081
9087
9084
9088
9085
9084
9090
9092
9093
9092
9088
9096
9094
9099
9095
9100
9099
9103
9102
9099
9098
9106
9108
9109
9106
9111
9109
9112
9110
9112
9108
9116
9117
9114
9114
9121
9119
9116
9120
9118
9121
9120
9127
9128
9130
9129
9127
9131
9129
9134
9128
9133
9132
9133
9133
9134
9142
9138
9142
9138
9146
9145
9141
9149
9144
9145
9144
9148
9148
9150
9149
9155
9157
9152
9154
9159
9158
9161
9161
9157
9161
9163
9167
9166
9163
9164
9167
9167
9167
9173
9173
9176
9174
9176
9180
9176
9180
9181
9178
9183
9182
9184
9182
9183
9187
9184
9189
9191
9186
9194
9194
9192
9197
9197
9194
9196
9199
9201
9199
9199
9206
9199
9206
9207
9207
9203
9204
9205
9206
9212
9215
9212
9210
9215
9220
9220
9221
9216
9224
9221
9219
9219
9222
9228
9229
9227
9230
9228
9230
9229
9231
9236
9232
9232
9240
9236
9236
9237
9237
9237
9241
9245
9245
9247
9243
9246
9252
9245
9246
9250
9250
9251
9250
9254
9253
9257
9261
9257
9257
9262
9261
9260
9263
9261
9269
9270
9264
9268
9273
9272
9272
9272
9277
9276
9275
9281
9274
9280
9281
9278
9280
9282
9284
9286
9286
9287
9291
9289
9289
9295
9293
9291
9295
9291
9293
9296
9296
9299
9297
9298
9304
9307
9301
9302
9303
9309
9306
9306
9314
9307
9309
9316
9316
9316
9316
9319
9318
9323
9318
9323
9324
9327
9320
9322
9329
9331
9324
9326
9334
9330
9332
9335
9338
9335
9335
9339
9341
9339
9342
9344
9338
9347
9348
9342
9342
9343
9347
9346
9349
9350
9349
9354
9351
9352
9353
9355
9360
9363
9364
9360
9364
9364
9362
9366
9370
9370
9368
9366
9371
9367
9375
9373
9372
9374
9379
9377
9374
9383
9384
9383
9386
9386
9382
9383
9387
9389
9384
9389
9394
9389
9392
9395
9398
9391
9397
9393
9397
9395
9397
9400
9398
9401
9400
9401
9408
9405
9411
9413
9409
9411
9413
9416
9410
9415
9412
9413
9417
9418
9418
9417
9423
9423
9420
9427
9425
9423
9426
9425
9431
9434
9433
9432
9432
9436
9439
9441
9437
9441
9439
9442
9438
9442
9442
9448
9450
9443
9448
9448
9451
9452
9449
9452
9456
9452
9459
9457
9456
9458
9461
9465
9460
9462
9467
9467
9463
9464
9470
9467
9470
9474
9475
9473
9478
9479
9475
9478
9479
9476
9477
9485
9484
9487
9486
9482
9483
9485
9488
9491
9488
9493
9489
9491
9495
9498
9496
9498
9494
9501
9504
9498
9499
9499
9500
9502
9510
9511
9508
9506
9510
9511
9516
9516
9515
9512
9520
9521
9517
9520
9518
9517
9518
9526
9520
9525
9524
9526
9529
9525
9526
9533
9529
9532
9530
9535
9536
9540
9534
9535
9538
9542
9544
9539
9548
9541
9546
9544
9548
9545
9546
9554
9548
9550
9553
9555
9559
9555
9560
9558
9560
9564
9562
9561
9562
9564
9568
9565
9566
9565
9570
9574
9569
9571
9576
9578
9572
9574
9582
9581
9580
9581
9586
9581
9585
9583
9584
9590
9588
9591
9588
9590
9595
9594
9595
9598
9593
9601
9597
9601
9600
9600
9598
9604
9600
9604
9609
9608
9611
9609
9613
9614
9616
9617
9616
9619
9612
9617
9622
9617
9619
9619
9621
9619
9624
9627
9626
9625
9624
9629
9627
9630
9636
9629
9631
9634
9635
9633
9639
9643
9641
9640
9641
9643
9648
9648
9646
9646
9650
9648
9646
9648
9654
9651
9652
9652
9653
9658
9661
9656
9662
9663
9664
9664
9664
9661
9666
9664
9667
9667
9671
9670
9670
9675
9671
9672
9673
9678
9678
9677
9678
9680
9682
9684
9683
9682
9690
9684
9686
9689
9692
9689
9695
9695
9693
9696
9698
9694
9701
9695
9696
9704
9699
9702
9700
9702
9709
9703
9706
9705
9706
9710
9708
9714
9715
9716
9716
9720
9716
9718
9723
9725
9720
9722
9726
9726
9726
9730
9729
9732
9728
9729
9733
9731
9730
9735
9740
9741
9734
9738
9741
9742
9738
9740
9742
9744
9749
9746
9748
9749
9746
9751
9755
9757
9758
9757
9758
9757
9757
9755
9758
9763
9762
9759
9761
9768
9767
9766
9770
9771
9772
9769
9770
9771
9775
9779
9777
9779
9782
9778
9777
9780
9778
9779
9788
9787
9787
9783
9787
9790
9789
9794
9794
9792
9793
9791
9799
9795
9800
9799
9797
9804
9798
9800
9803
9806
9806
9809
9804
9805
9808
9812
9814
9815
9811
9819
9816
9814
9821
9818
9818
9819
9821
9821
9820
9829
9823
9831
9828
9829
9828
9832
9832
9835
9837
9839
9840
9834
9840
9835
9836
9839
9841
9845
9843
9844
9842
9846
9848
9848
9850
9854
9854
9856
9852
9853
9856
9857
9858
9857
9861
9864
9862
9866
9865
9866
9867
9866
9866
9873
9867
9874
9873
9876
9877
9879
9876
9873
9875
9882
9878
9881
9886
9887
9880
9888
9883
9884
9889
9891
9886
9887
9893
9897
9891
9892
9896
9894
9896
9899
9902
9899
9904
9901
9904
9908
9902
9910
9912
9906
9906
9910
9916
9914
9911
9918
9912
9920
9919
9922
9920
9918
9924
9919
9923
9927
9926
9930
9926
9930
9928
9935
9928
9936
9933
9938
9935
9935
9935
9936
9939
9937
9946
9942
9946
9947
9942
9949
9951
9945
9949
9950
9954
9953
9958
9952
9953
9956
9962
9961
9956
9957
9958
9963
9966
9964
9968
9969
9970
9972
9973
9971
9974
9973
9974
9974
9978
9980
9974
9975
9983
9984
9978
9980
9988
9985
9986
9985
9984
9985
9989
9990
9992
9996
9996
9997
10000
9998
9997
