-3
0
-1
5
1
0
6
10
8
11
10
12
10
8
11
13
17
15
13
14
17
17
17
19
26
20
29
22
31
27
28
34
31
28
35
33
38
40
37
37
42
40
44
44
42
42
45
43
47
52
52
52
51
55
51
53
58
57
58
61
56
61
61
59
61
60
62
66
66
64
71
67
70
70
75
77
71
78
77
75
82
81
79
81
82
84
86
88
88
85
93
90
95
89
95
92
92
93
99
100
103
101
98
102
105
102
109
107
103
108
105
108
107
115
109
118
111
114
114
114
121
120
117
124
124
124
125
123
127
127
133
130
128
132
136
135
133
134
138
138
142
136
143
146
143
144
144
143
150
148
148
148
150
149
153
158
157
153
156
162
160
161
162
161
160
160
169
170
167
167
169
172
168
174
174
177
171
179
181
174
180
184
185
179
187
183
182
188
183
184
187
190
195
189
191
196
199
199
194
201
197
202
202
206
205
204
207
203
210
205
205
206
211
210
210
216
213
213
221
215
217
218
219
222
221
222
226
224
231
226
232
228
234
228
229
236
237
236
239
239
238
237
245
241
239
243
247
249
246
246
245
247
251
250
252
257
252
257
254
257
258
260
263
264
264
265
269
265
268
270
271
271
271
275
276
276
279
276
275
279
281
276
284
280
281
281
284
286
285
289
286
287
287
291
297
291
295
300
298
299
300
298
304
299
305
304
302
308
305
306
306
309
314
313
317
318
318
320
318
318
318
317
318
320
327
325
321
328
324
326
325
332
332
332
334
330
335
337
338
336
342
344
340
339
345
343
342
345
350
348
352
353
355
351
351
350
351
352
353
359
356
358
363
365
364
368
363
363
371
370
365
369
371
372
372
370
377
380
379
377
382
378
384
378
385
386
388
390
388
392
386
388
390
391
391
391
392
394
398
395
399
398
399
404
403
402
401
408
407
406
406
414
413
411
409
412
417
420
414
414
416
420
418
422
421
424
428
430
431
424
433
432
427
430
433
435
437
436
436
437
438
444
443
442
439
447
447
446
445
451
445
449
454
449
452
456
451
454
453
460
455
460
465
461
464
463
462
463
468
468
469
470
467
474
470
472
479
473
475
476
483
481
481
478
485
487
483
484
485
491
491
489
495
491
493
497
491
493
501
501
502
496
498
500
504
508
506
506
506
510
506
506
512
510
514
514
518
518
517
522
515
520
520
518
520
525
528
524
529
531
525
530
533
529
533
532
535
534
538
536
536
540
542
543
543
540
549
545
549
547
546
548
554
555
557
558
559
558
560
555
563
559
557
566
561
568
568
569
571
569
568
569
572
573
574
574
575
577
574
581
575
580
577
585
581
581
589
590
589
592
591
589
587
596
594
591
591
599
597
602
603
596
598
600
603
608
606
607
611
605
609
612
615
609
616
610
613
618
619
620
621
616
621
622
619
622
625
630
625
627
627
633
631
630
635
633
635
640
635
636
640
639
643
646
644
648
641
648
643
650
652
647
653
648
655
651
657
657
654
659
656
660
661
659
663
663
667
665
670
665
666
666
674
671
674
670
677
673
676
677
676
681
683
685
684
686
685
690
688
689
686
691
691
690
692
697
698
697
700
696
699
700
698
705
704
701
701
709
709
711
707
709
710
716
713
717
716
719
717
721
720
719
725
719
721
728
728
727
729
729
726
726
732
732
730
735
736
737
734
742
737
740
739
745
742
741
744
744
745
746
745
750
752
750
751
754
757
756
761
761
762
759
762
762
760
761
769
762
765
766
768
769
767
771
777
775
771
775
776
782
781
780
778
782
779
788
789
786
785
785
787
790
794
791
795
792
799
795
798
795
801
800
800
798
803
803
807
809
809
804
808
810
815
809
810
813
819
812
813
822
821
823
823
819
822
823
821
827
825
829
829
831
835
834
837
838
839
834
833
835
842
841
844
838
847
847
847
845
843
849
846
852
853
850
854
855
852
860
861
860
857
859
864
859
862
868
862
869
870
867
872
866
875
871
875
873
871
877
874
878
880
877
878
884
880
888
886
884
890
887
890
893
892
890
895
895
891
894
900
896
895
898
899
904
902
901
903
905
903
907
913
911
907
909
915
918
916
914
919
916
923
916
925
922
921
921
928
922
930
931
928
929
932
929
934
931
933
937
937
935
937
938
941
943
939
946
942
948
943
946
949
954
949
952
952
950
952
952
958
962
958
957
958
966
962
961
962
963
970
968
967
970
974
975
976
972
975
976
976
975
983
984
981
983
983
987
982
988
986
989
988
994
988
989
993
990
991
994
996
1000
1002
1001
997
1002
999
1005
1006
1003
1005
1004
1013
1013
1014
1012
1017
1013
1016
1012
1019
1019
1022
1017
1017
1022
1021
1023
1028
1028
1026
1030
1026
1033
1027
1031
1037
1033
1032
1034
1035
1041
1036
1040
1041
1044
1044
1048
1047
1047
1045
1051
1048
1054
1052
1050
1055
1053
1058
1054
1061
1058
1055
1057
1057
1060
1063
1061
1065
1063
1069
1069
1073
1073
1068
1073
1074
1078
1072
1080
1077
1082
1078
1077
1084
1079
1081
1087
1088
1090
1090
1092
1090
1090
1090
1094
1094
1091
1092
1093
1100
1100
1103
1104
1102
1100
1107
1103
1109
1102
1104
1110
1109
1113
1114
1116
1116
1114
1114
1120
1114
1122
1115
1122
1124
1118
1120
1122
1122
1123
1123
1127
1130
1131
1129
1133
1130
1132
1136
1137
1135
1136
1136
1140
1144
1138
1147
1141
1149
1144
1151
1146
1148
1146
1147
1151
1151
1156
1157
1157
1161
1155
1155
1159
1161
1161
1162
1163
1165
1164
1169
1165
1171
1167
1169
1169
1177
1171
1172
1178
1179
1180
1177
1176
1183
1182
1180
1188
1189
1185
1188
1185
1188
1193
1189
1191
1197
1191
1197
1200
1193
1196
1196
1197
1201
1205
1204
1202
1202
1208
1211
1209
1207
1210
1211
1209
1215
1211
1215
1213
1214
1221
1219
1218
1222
1221
1221
1227
1226
1225
1230
1226
1233
1233
1234
1232
1232
1235
1235
1234
1233
1242
1240
1239
1241
1245
1240
1240
1248
1247
1247
1250
1252
1250
1250
1251
1252
1251
1256
1257
1254
1261
1255
1264
1258
1265
1265
1266
1264
1262
1268
1272
1271
1269
1270
1268
1274
1278
1277
1278
1274
1274
1277
1282
1277
1282
1284
1282
1288
1282
1283
1288
1288
1292
1292
1296
1294
1290
1296
1292
1296
1299
1303
1298
1301
1300
1304
1307
1308
1302
1304
1309
1310
1312
1313
1310
1315
1315
1315
1315
1316
1322
1322
1319
1318
1322
1319
1322
1322
1324
1330
1330
1329
1329
1334
1330
1331
1331
1337
1334
1334
1335
1342
1343
1342
1339
1341
1346
1346
1346
1347
1349
1348
1349
1348
1353
1350
1353
1357
1356
1358
1358
1355
1364
1357
1363
1364
1366
1364
1366
1367
1372
1368
1369
1367
1368
1377
1374
1372
1375
1375
1380
1383
1376
1385
1383
1383
1385
1389
1390
1384
1384
1392
1394
1393
1396
1395
1390
1398
1393
1393
1395
1395
1403
1403
1405
1403
1407
1406
1402
1404
1405
1407
1414
1409
1416
1416
1411
1412
1415
1418
1422
1420
1418
1425
1421
1426
1422
1421
1426
1423
1427
1432
1434
1428
1432
1433
1430
1439
1436
1435
1435
1440
1436
1440
1446
1444
1448
1442
1447
1450
1452
1451
1453
1450
1456
1454
1453
1456
1453
1458
1454
1459
1462
1462
1465
1462
1462
1464
1467
1463
1472
1472
1468
1474
1469
1477
1474
1477
1475
1479
1482
1483
1482
1479
1479
1482
1480
1489
1482
1491
1485
1491
1488
1487
1488
1491
1493
1497
1495
1497
1494
1498
1498
1500
1505
1502
1505
1509
1502
1506
1508
1506
1511
1508
1508
1509
1513
1512
1513
1520
1521
1517
1522
1519
1526
1521
1525
1521
1525
1531
1526
1532
1528
1527
1536
1532
1530
1537
1538
1537
1537
1538
1539
1539
1540
1540
1541
1546
1543
1550
1552
1548
1548
1549
1549
1554
1557
1552
1559
1554
1559
1562
1563
1564
1561
1564
1563
1568
1567
1565
1568
1568
1570
1572
1568
1575
1578
1571
1572
1574
1578
1576
1580
1581
1581
1583
1581
1589
1588
1583
1589
1592
1586
1591
1591
1597
1595
1592
1598
1600
1598
1598
1604
1601
1604
1602
1601
1603
1609
1607
1610
1608
1607
1613
1614
1617
1612
1615
1618
1616
1622
1619
1616
1617
1626
1625
1625
1626
1624
1628
1624
1633
1631
1629
1629
1629
1638
1635
1634
1638
1637
1635
1643
1639
1643
1640
1648
1643
1644
1651
1647
1652
1649
1653
1655
1653
1657
1654
1655
1658
1655
1658
1663
1662
1659
1665
1664
1668
1670
1666
1672
1666
1666
1670
1669
1676
1678
1672
1672
1680
1680
1677
1676
1677
1683
1682
1684
1685
1687
1684
1692
1687
1688
1687
1695
1696
1697
1694
1693
1698
1700
1701
1701
1699
1703
1700
1707
1706
1710
1703
1710
1711
1709
1715
1715
1715
1712
1718
1712
1715
1721
1716
1723
1723
1725
1726
1725
1723
1727
1727
1727
1732
1734
1731
1730
1731
1732
1733
1739
1734
1737
1738
1738
1737
1744
1740
1745
1745
1746
1745
1750
1748
1750
1755
1753
1750
1758
1755
1760
1754
1760
1758
1756
1762
1764
1767
1765
1763
1767
1767
1767
1772
1773
1770
1773
1769
1775
1775
1773
1774
1775
1782
1783
1784
1785
1780
1783
1789
1782
1785
1789
1791
1791
1791
1792
1796
1794
1793
1798
1795
1794
1797
1802
1803
1799
1807
1807
1801
1802
1807
1811
1807
1811
1809
1814
1817
1817
1816
1818
1813
1816
1822
1817
1825
1819
1824
1821
1822
1825
1831
1825
1830
1833
1835
1834
1835
1834
1836
1839
1840
1836
1843
1840
1837
1842
1844
1847
1843
1843
1847
1846
1846
1852
1855
1848
1857
1856
1853
1857
1854
1856
1861
1857
1862
1858
1867
1862
1868
1867
1869
1871
1868
1867
1868
1870
1869
1878
1874
1879
1877
1881
1881
1876
1880
1883
1882
1885
1888
1885
1889
1890
1891
1887
1892
1895
1891
1892
1894
1896
1899
1898
1901
1902
1900
1904
1900
1904
1909
1905
1903
1904
1905
1912
1915
1915
1914
1911
1911
1919
1921
1922
1919
1922
1919
1920
1919
1926
1926
1924
1923
1928
1926
1931
1928
1933
1929
1935
1934
1933
1934
1936
1941
1942
1944
1942
1941
1945
1947
1950
1943
1951
1948
1950
1955
1955
1956
1955
1959
1954
1953
1959
1958
1962
1959
1959
1960
1968
1969
1966
1966
1968
1965
1969
1974
1973
1969
1974
1974
1972
1974
1977
1981
1978
1978
1985
1984
1981
1986
1984
1988
1990
1988
1986
1990
1990
1994
1997
1999
1992
2000
2002
1995
2002
1999
2000
2005
2005
2002
2010
2008
2011
2005
2007
2009
2016
2015
2010
2018
2012
2018
2020
2017
2024
2022
2019
2027
2026
2023
2028
2025
2029
2029
2030
2033
2033
2036
2038
2039
2032
2039
2041
2041
2044
2043
2038
2041
2048
2043
2050
2050
2052
2045
2049
2047
2056
2056
2057
2055
2056
2061
2054
2055
2064
2061
2065
2061
2062
2068
2062
2066
2065
2067
2067
2072
2068
2077
2078
2072
2077
2075
2078
2077
2081
2084
2083
2081
2085
2087
2088
2084
2089
2086
2089
2094
2088
2089
2093
2091
2094
2093
2098
2102
2101
2099
2099
2107
2102
2101
2108
2106
2108
2110
2112
2115
2116
2117
2118
2111
2115
2114
2114
2123
2116
2121
2126
2126
2120
2128
2123
2130
2131
2132
2129
2134
2136
2134
2135
2133
2135
2136
2134
2143
2138
2145
2141
2142
2141
2145
2144
2150
2147
2150
2154
2155
2156
2157
2157
2152
2153
2157
2162
2157
2160
2157
2165
2162
2165
2162
2164
2169
2169
2167
2173
2172
2169
2172
2176
2173
2179
2174
2180
2178
2177
2185
2179
2185
2182
2189
2190
2188
2191
2191
2189
2191
2192
2190
2193
2196
2194
2196
2197
2203
2201
2200
2205
2207
2208
2202
2210
2210
2208
2205
2211
2208
2214
2214
2211
2216
2214
2215
2219
2218
2220
2218
2219
2226
2226
2222
2230
2230
2228
2227
2232
2230
2232
2231
2230
2237
2233
2238
2237
2238
2240
2245
2244
2241
2241
2241
2244
2249
2249
2250
2247
2247
2249
2254
2255
2256
2252
2256
2262
2261
2261
2260
2258
2262
2265
2267
2265
2266
2272
2267
2272
2270
2275
2275
2275
2277
2274
2275
2280
2276
2279
2284
2284
2282
2285
2282
2289
2290
2290
2290
2287
2294
2289
2289
2296
2295
2298
2301
2294
2302
2300
2300
2302
2306
2308
2308
2306
2309
2306
2310
2312
2315
2310
2311
2310
2316
2320
2314
2315
2321
2322
2321
2321
2327
2328
2322
2322
2327
2332
2332
2329
2335
2331
2331
2337
2332
2332
2340
2337
2342
2338
2340
2342
2339
2341
2348
2344
2351
2344
2353
2351
2347
2351
2352
2357
2358
2359
2353
2361
2361
2356
2361
2360
2362
2364
2365
2366
2367
2364
2365
2372
2373
2374
2370
2371
2372
2379
2380
2375
2379
2380
2377
2383
2383
2388
2381
2387
2385
2390
2392
2387
2392
2390
2395
2391
2392
2392
2395
2401
2397
2397
2399
2401
2407
2400
2405
2405
2404
2411
2405
2407
2410
2415
2417
2416
2413
2417
2421
2420
2418
2419
2418
2421
2423
2421
2424
2430
2429
2426
2427
2431
2430
2434
2431
2434
2432
2435
2440
2434
2438
2436
2443
2446
2447
2448
2441
2447
2443
2445
2450
2448
2454
2453
2457
2451
2456
2452
2455
2461
2456
2464
2457
2464
2464
2460
2468
2462
2467
2467
2466
2469
2467
2475
2470
2470
2479
2474
2479
2479
2478
2478
2483
2478
2483
2481
2488
2489
2490
2485
2491
2489
2490
2491
2495
2496
2496
2494
2493
2494
2497
2501
2501
2504
2499
2501
2509
2509
2507
2504
2511
2506
2512
2508
2515
2513
2516
2514
2515
2518
2515
2517
2520
2525
2525
2525
2526
2528
2526
2529
2532
2526
2534
2532
2531
2537
2531
2537
2541
2540
2535
2538
2542
2543
2541
2547
2546
2542
2547
2544
2551
2547
2547
2555
2556
2554
2551
2560
2556
2559
2560
2564
2561
2560
2565
2563
2566
2562
2568
2570
2567
2572
2574
2568
2570
2570
2578
2577
2578
2575
2581
2583
2580
2579
2584
2588
2585
2588
2584
2584
2593
2588
2588
2596
2590
2595
2598
2600
2595
2594
2596
2604
2604
2604
2599
2602
2609
2606
2606
2604
2613
2610
2615
2613
2611
2612
2618
2617
2617
2620
2619
2624
2624
2619
2620
2621
2621
2622
2626
2626
2626
2627
2635
2631
2630
2632
2635
2639
2636
2640
2641
2643
2642
2643
2643
2644
2647
2650
2650
2648
2648
2652
2651
2649
2654
2655
2652
2654
2661
2661
2662
2659
2663
2658
2665
2661
2662
2664
2669
2665
2665
2666
2672
2672
2675
2677
2672
2675
2678
2676
2679
2677
2677
2684
2682
2681
2687
2685
2691
2684
2692
2690
2693
2696
2693
2691
2696
2696
2701
2696
2698
2701
2704
2705
2704
2705
2703
2704
2711
2704
2708
2712
2708
2712
2713
2711
2713
2718
2718
2721
2717
2721
2724
2722
2721
2727
2727
2729
2724
2724
2730
2732
2735
2730
2734
2734
2734
2735
2735
2736
2742
2743
2737
2739
2747
2742
2742
2748
2746
2752
2748
2752
2752
2749
2752
2753
2751
2754
2753
2761
2757
2760
2758
2766
2761
2768
2766
2766
2765
2771
2769
2772
2770
2770
2773
2774
2779
2774
2780
2774
2782
2776
2781
2779
2781
2780
2781
2788
2790
2789
2791
2788
2789
2788
2789
2794
2795
2799
2801
2802
2802
2797
2797
2804
2799
2802
2804
2805
2811
2811
2810
2806
2808
2811
2815
2811
2817
2812
2813
2821
2818
2819
2822
2824
2823
2822
2829
2823
2827
2831
2830
2830
2829
2831
2833
2838
2831
2837
2837
2836
2842
2841
2839
2840
2840
2842
2847
2850
2848
2851
2847
2851
2853
2851
2851
2856
2853
2855
2858
2860
2857
2862
2858
2858
2863
2862
2865
2867
2865
2864
2867
2871
2875
2871
2870
2871
2872
2873
2877
2876
2876
2876
2877
2885
2884
2880
2886
2883
2888
2892
2891
2889
2889
2895
2889
2897
2899
2893
2895
2900
2895
2901
2903
2900
2903
2904
2909
2905
2907
2905
2911
2914
2911
2911
2909
2915
2911
2915
2919
2920
2923
2918
2919
2925
2922
2927
2922
2928
2927
2928
2926
2931
2934
2936
2935
2931
2931
2934
2940
2940
2940
2938
2942
2942
2942
2942
2941
2946
2945
2946
2949
2949
2954
2956
2953
2956
2957
2960
2958
2960
2961
2962
2964
2963
2961
2967
2965
2966
2970
2972
2967
2973
2968
2976
2977
2973
2977
2980
2979
2982
2979
2976
2984
2985
2980
2987
2985
2990
2988
2989
2992
2992
2987
2993
2996
2993
2996
2996
2993
2999
2997
3004
3001
3001
3002
3007
3002
3009
3005
3008
3010
3012
3012
3015
3017
3015
3014
3019
3014
3022
3016
3017
3022
3020
3021
3020
3029
3029
3029
3026
3033
3027
3035
3035
3032
3036
3035
3035
3041
3042
3039
3037
3042
3046
3042
3040
3044
3047
3043
3046
3049
3052
3051
3050
3049
3057
3055
3059
3057
3054
3055
3064
3061
3061
3059
3064
3066
3067
3065
3066
3067
3070
3068
3076
3073
3073
3076
3073
3076
3074
3077
3079
3083
3086
3081
3086
3087
3088
3083
3089
3091
3094
3094
3089
3092
3098
3092
3096
3096
3095
3102
3103
3100
3101
3099
3108
3106
3110
3110
3108
3109
3106
3107
3116
3109
3116
3117
3112
3118
3121
3121
3119
3117
3119
3121
3124
3122
3125
3126
3125
3127
3126
3127
3136
3129
3135
3134
3135
3141
3134
3135
3141
3140
3141
3146
3143
3148
3149
3143
3151
3153
3152
3147
3153
3157
3153
3152
3158
3158
3156
3157
3157
3160
3166
3167
3165
3168
3162
3165
3172
3168
3173
3167
3173
3170
3177
3171
3176
3174
3181
3177
3179
3181
3186
3180
3185
3181
3184
3186
3191
3187
3191
3190
3194
3193
3195
3191
3198
3193
3201
3200
3196
3200
3206
3200
3204
3201
3202
3206
3209
3209
3210
3215
3208
3209
3215
3218
3214
3219
3215
3215
3220
3223
3222
3221
3228
3223
3222
3227
3229
3225
3233
3233
3229
3232
3230
3234
3233
3233
3237
3239
3236
3239
3238
3240
3247
3244
3247
3245
3251
3248
3252
3248
3256
3257
3257
3254
3259
3255
3259
3261
3259
3260
3260
3265
3266
3267
3265
3268
3266
3271
3272
3269
3270
3270
3273
3273
3274
3279
3279
3279
3284
3283
3282
3286
3288
3284
3284
3287
3284
3286
3294
3292
3296
3289
3290
3294
3300
3299
3300
3299
3296
3300
3302
3302
3301
3301
3309
3304
3308
3308
3314
3310
3313
3310
3313
3315
3320
3318
3322
3323
3321
3323
3325
3325
3322
3328
3327
3328
3324
3329
3333
3334
3335
3332
3333
3335
3339
3336
3339
3342
3341
3344
3342
3341
3343
3346
3348
3346
3345
3351
3352
3351
3354
3353
3353
3357
3354
3360
3362
3359
3357
3358
3363
3366
3360
3365
3369
3366
3367
3368
3367
3367
3368
3375
3374
3373
3372
3373
3376
3378
3384
3384
3384
3384
3388
3387
3388
3387
3390
3386
3388
3392
3389
3391
3391
3399
3392
3401
3397
3395
3401
3398
3406
3401
3402
3403
3405
3410
3409
3411
3412
3408
3416
3415
3415
3416
3412
3413
3421
3422
3418
3421
3421
3424
3420
3421
3428
3430
3424
3433
3429
3428
3432
3429
3431
3434
3432
3441
3435
3439
3444
3441
3438
3442
3442
3447
3442
3444
3452
3453
3447
3449
3450
3452
3455
3459
3456
3458
3454
3460
3456
3461
3458
3463
3466
3468
3467
3470
3467
3467
3473
3467
3470
3476
3475
3479
3473
3474
3477
3475
3484
3479
3486
3484
3481
3489
3483
3488
3488
3488
3493
3492
3489
3491
3496
3498
3495
3497
3502
3495
3497
3505
3501
3507
3503
3509
3506
3507
3512
3510
3506
3507
3511
3512
3516
3519
3518
3515
3521
3523
3519
3521
3526
3524
3527
3523
3527
3527
3527
3525
3533
3535
3535
3532
3538
3532
3538
3541
3542
3543
3537
3543
3544
3546
3546
3543
3550
3550
3545
3545
3546
3551
3551
3554
3556
3557
3557
3557
3559
3561
3557
3562
3563
3560
3561
3566
3564
3564
3565
3570
3567
3573
3572
3576
3577
3578
3572
3581
3574
3583
3580
3578
3582
3585
3582
3581
3582
3584
3584
3585
3590
3591
3596
3589
3595
3592
3600
3596
3597
3600
3600
3605
3601
3601
3604
3602
3608
3603
3609
3606
3606
3609
3613
3614
3618
3614
3617
3619
3620
3618
3624
3617
3618
3625
3627
3624
3622
3624
3625
3627
3634
3634
3635
3637
3634
3632
3638
3640
3636
3635
3643
3639
3640
3645
3641
3647
3647
3643
3646
3647
3647
3652
3655
3649
3653
3656
3652
3659
3662
3659
3664
3657
3658
3662
3662
3668
3669
3665
3671
3666
3670
3673
3671
3671
3674
3677
3673
3680
3679
3677
3680
3678
3685
3684
3687
3687
3682
3686
3685
3690
3688
3689
3692
3692
3696
3698
3698
3699
3700
3697
3702
3701
3702
3705
3703
3702
3708
3710
3704
3711
3714
3712
3711
3717
3713
3713
3719
3721
3715
3717
3719
3725
3725
3724
3723
3723
3728
3723
3731
3728
3734
3729
3735
3736
3733
3737
3739
3739
3739
3741
3737
3742
3744
3744
3741
3748
3746
3748
3748
3745
3754
3755
3756
3755
3752
3759
3755
3753
3759
3762
3764
3760
3766
3762
3762
3769
3768
3768
3769
3768
3771
3772
3771
3775
3771
3778
3776
3780
3778
3779
3783
3783
3784
3780
3788
3785
3783
3791
3792
3791
3790
3787
3795
3797
3790
3798
3797
3795
3800
3803
3803
3801
3803
3799
3805
3805
3810
3803
3811
3810
3811
3808
3809
3817
3815
3818
3812
3817
3817
3821
3821
3817
3820
3822
3823
3826
3829
3831
3828
3829
3831
3828
3834
3836
3830
3831
3837
3834
3840
3838
3839
3841
3842
3841
3845
3846
3850
3850
3849
3846
3852
3854
3854
3855
3853
3853
3856
3860
3857
3857
3857
3863
3861
3866
3867
3867
3864
3869
3865
3868
3869
3869
3874
3875
3874
3874
3878
3877
3880
3877
3877
3881
3879
3882
3884
3884
3887
3887
3890
3893
3889
3887
3896
3893
3890
3897
3892
3894
3901
3900
3903
3904
3906
3902
3906
3906
3903
3908
3904
3908
3908
3912
3916
3913
3918
3919
3914
3921
3918
3915
3921
3918
3921
3923
3921
3924
3924
3930
3927
3927
3929
3934
3931
3932
3937
3938
3939
3937
3940
3940
3939
3943
3943
3944
3948
3942
3945
3951
3945
3951
3952
3949
3956
3954
3954
3956
3960
3961
3958
3963
3957
3960
3961
3959
3961
3962
3969
3963
3969
3967
3969
3969
3975
3973
3978
3974
3978
3973
3974
3980
3984
3985
3983
3984
3988
3987
3985
3983
3986
3986
3991
3991
3990
3993
3998
3991
3995
4001
4001
4000
3998
4000
3999
4003
4001
4006
4003
4007
4009
4012
4010
4011
4008
4010
4011
4012
4020
4019
4014
4017
4021
4021
4024
4021
4023
4021
4029
4023
4024
4031
4028
4029
4036
4036
4031
4031
4035
4041
4040
4037
4042
4041
4041
4043
4042
4041
4047
4048
4047
4048
4049
4050
4051
4049
4050
4059
4054
4059
4060
4056
4057
4057
4058
4066
4064
4069
4065
4066
4068
4068
4068
4073
4075
4076
4076
4072
4073
4080
4079
4082
4080
4084
4079
4084
4087
4088
4085
4083
4086
4091
4087
4087
4088
4090
4098
4093
4094
4100
4100
4102
4096
4100
4101
4099
4101
4103
4104
4108
4111
4109
4111
4115
4116
4113
4117
4116
4118
4113
4121
4122
4121
4117
4125
4125
4124
4123
4127
4129
4128
4127
4132
4133
4130
4134
4138
4137
4134
4137
4134
4138
4143
4137
4140
4140
4142
4143
4148
4143
4148
4149
4149
4149
4148
4150
4150
4154
4156
4157
4157
4163
4162
4157
4159
4159
4162
4163
4168
4164
4166
4169
4171
4168
4173
4176
4175
4172
4176
4175
4174
4183
4181
4178
4181
4187
4184
4183
4184
4189
4186
4187
4190
4189
4195
4196
4195
4194
4192
4193
4200
4202
4202
4197
4201
4203
4204
4203
4202
4203
4212
4211
4212
4214
4211
4213
4212
4219
4214
4221
4221
4215
4217
4217
4225
4221
4223
4225
4222
4226
4225
4229
4233
4234
4233
4235
4237
4238
4233
4240
4237
4242
4237
4242
4240
4243
4241
4248
4250
4248
4249
4246
4247
4250
4249
4257
4257
4254
4253
4254
4258
4261
4258
4259
4262
4262
4263
4263
4264
4268
4268
4272
4271
4269
4271
4270
4275
4272
4272
4275
4279
4281
4283
4279
4282
4282
4285
4286
4284
4291
4284
4290
4290
4292
4288
4290
4295
4292
4292
4295
4302
4303
4297
4297
4301
4307
4308
4309
4306
4308
4312
4305
4308
4314
4309
4317
4314
4319
4320
4320
4315
4323
4321
4324
4320
4326
4323
4321
4329
4328
4330
4333
4330
4327
4334
4336
4336
4336
4336
4335
4339
4338
4344
4338
4338
4343
4346
4346
4348
4347
4352
4350
4347
4349
4354
4354
4356
4351
4358
4353
4354
4360
4360
4364
4366
4361
4367
4368
4370
4367
4366
4373
4369
4374
4371
4375
4374
4375
4376
4374
4377
4376
4382
4377
4384
4381
4386
4389
4384
4391
4390
4388
4389
4388
4395
4397
4394
4392
4394
4396
4401
4403
4401
4402
4405
4401
4403
4407
4405
4403
4411
4408
4410
4412
4414
4417
4410
4419
4415
4416
4417
4417
4422
4418
4421
4425
4424
4423
4428
4429
4427
4429
4428
4427
4432
4429
4438
4437
4435
4435
4435
4438
4436
4440
4443
4439
4448
4442
4443
4444
4444
4452
4446
4454
4455
4453
4455
4451
4453
4458
4462
4461
4463
4462
4461
4459
4466
4466
4468
4466
4468
4465
4473
4469
4476
4474
4476
4477
4473
4479
4477
4477
4476
4477
4478
4486
4485
4485
4482
4485
4487
4492
4487
4492
4492
4497
4498
4495
4498
4493
4497
4496
4497
4499
4506
4501
4507
4501
4508
4508
4510
4511
4514
4507
4515
4514
4511
4519
4516
4513
4514
4518
4520
4523
4519
4520
4527
4527
4525
4523
4531
4531
4530
4531
4530
4532
4535
4535
4534
4534
4537
4541
4539
4541
4539
4542
4547
4549
4548
4548
4547
4545
4547
4550
4548
4549
4556
4554
4554
4557
4557
4561
4559
4564
4561
4560
4568
4562
4570
4568
4565
4572
4567
4574
4570
4574
4576
4572
4576
4579
4578
4578
4579
4581
4579
4585
4585
4584
4584
4587
4587
4588
4586
4588
4588
4590
4593
4599
4595
4597
4601
4602
4599
4604
4604
4602
4607
4603
4605
4605
4604
4606
4614
4615
4608
4617
4616
4615
4614
4618
4616
4616
4623
4624
4623
4619
4621
4625
4628
4628
4625
4625
4631
4631
4631
4631
4634
4638
4632
4635
4635
4635
4644
4639
4643
4641
4645
4645
4648
4648
4651
4645
4647
4647
4650
4653
4651
4651
4652
4656
4658
4661
4660
4664
4665
4659
4664
4664
4666
4664
4668
4669
4668
4669
4674
4669
4671
4677
4676
4679
4678
4678
4677
4680
4684
4682
4681
4686
4682
4684
4690
4691
4688
4690
4691
4697
4698
4699
4693
4699
4698
4700
4704
4699
4701
4706
4702
4701
4707
4711
4710
4712
4712
4715
4715
4714
4718
4711
4717
4720
4720
4723
4723
4724
4720
4724
4721
4723
4729
4724
4729
4733
4728
4730
4733
4730
4731
4732
4736
4736
4735
4735
4743
4744
4746
4747
4740
4746
4746
4747
4745
4748
4748
4748
4755
4757
4753
4758
4759
4761
4760
4760
4762
4760
4760
4766
4767
4763
4770
4767
4770
4772
4773
4772
4768
4772
4775
4778
4774
4780
4776
4782
4776
4779
4783
4780
4782
4787
4787
4791
4787
4791
4791
4793
4792
4789
4796
4793
4794
4796
4798
4801
4800
4804
4802
4807
4801
4803
4802
4805
4804
4809
4806
4814
4814
4814
4810
4813
4817
4819
4815
4821
4817
4818
4822
4826
4825
4829
4827
4827
4824
4830
4828
4829
4832
4833
4838
4839
4837
4837
4842
4836
4840
4837
4838
4844
4847
4842
4845
4846
4849
4849
4847
4851
4849
4857
4852
4852
4853
4857
4858
4862
4856
4860
4863
4860
4866
4865
4868
4870
4868
4870
4870
4872
4875
4872
4870
4876
4872
4875
4882
4876
4876
4882
4880
4886
4883
4883
4882
4885
4885
4885
4893
4894
4896
4894
4896
4896
4896
4894
4898
4896
4899
4904
4906
4906
4905
4907
4902
4907
4912
4905
4910
4911
4913
4911
4917
4911
4914
4917
4914
4919
4919
4924
4920
4923
4927
4922
4923
4930
4925
4926
4929
4935
4934
4935
4938
4933
4939
4935
4942
4939
4939
4941
4945
4944
4947
4944
4950
4947
4947
4947
4948
4951
4951
4954
4950
4952
4960
4959
4957
4955
4962
4962
4964
4961
4966
4963
4962
4966
4972
4966
4966
4973
4974
4971
4970
4979
4977
4973
4975
4981
4981
4981
4978
4982
4987
4983
4983
4991
4987
4986
4990
4988
4991
4993
4992
4998
4998
5000
4994
