2
-2
3
6
4
7
1
8
11
12
13
7
11
15
16
18
19
16
14
17
21
17
22
22
20
28
27
24
24
25
33
31
34
31
34
38
31
40
38
37
40
43
42
42
41
44
49
44
50
49
53
52
51
53
54
54
56
54
56
61
57
64
61
62
66
64
68
68
65
66
71
68
72
71
71
77
76
80
73
80
76
80
85
86
82
84
88
84
91
84
91
94
94
93
94
95
97
100
93
96
102
104
99
100
105
102
108
105
108
107
112
111
110
109
113
115
114
116
117
120
118
123
125
121
121
127
125
126
130
128
130
126
128
128
133
135
132
139
137
135
135
140
139
140
146
144
149
145
151
151
153
154
148
152
155
156
159
153
158
154
158
164
161
162
165
164
166
164
171
164
171
171
170
173
172
176
172
177
181
174
180
181
177
185
179
186
183
185
189
189
192
192
190
190
189
196
199
192
196
201
197
196
201
203
204
201
206
206
208
210
209
209
213
216
215
213
216
215
215
221
216
224
225
219
227
228
224
222
226
229
228
234
228
234
237
235
239
233
235
234
242
240
243
240
245
241
248
249
250
244
246
246
251
256
249
258
257
253
258
256
257
258
257
266
259
261
264
270
263
264
272
273
270
274
275
274
272
279
274
279
283
278
281
284
284
286
281
288
284
289
287
287
294
289
294
297
293
295
293
302
300
301
300
306
304
308
307
306
305
311
313
311
307
310
310
311
319
317
320
320
323
318
319
324
320
328
324
323
327
324
327
329
329
333
329
330
335
335
340
339
338
337
343
345
345
346
346
343
345
346
345
346
349
356
352
352
354
360
361
355
357
362
365
365
363
364
369
370
371
372
371
368
375
369
370
370
375
379
375
375
375
377
381
381
379
386
388
383
391
384
390
386
394
391
389
390
392
392
397
399
395
400
400
404
399
400
402
409
406
412
411
408
412
413
416
414
416
418
421
422
419
418
417
423
420
426
421
429
423
428
432
434
431
432
434
438
438
439
435
437
435
441
444
446
444
446
447
448
448
449
453
450
450
450
457
455
457
456
458
456
456
457
458
459
467
460
463
468
466
465
471
474
471
469
473
473
476
479
477
475
483
482
480
478
481
485
489
484
491
486
486
493
487
493
491
494
497
499
498
498
495
504
498
505
502
508
508
508
508
508
505
513
507
510
513
517
513
518
517
518
522
521
520
521
526
521
523
530
527
524
531
526
530
530
530
530
532
539
538
536
535
544
540
538
543
540
542
543
549
549
548
551
554
553
557
550
553
556
560
556
560
562
557
565
564
560
565
569
563
567
573
569
574
569
576
575
573
579
578
580
580
576
581
584
584
582
583
590
585
585
585
586
594
595
591
594
591
599
601
595
596
604
599
600
599
601
608
608
603
612
609
614
608
608
616
618
615
612
617
621
621
624
618
622
620
621
625
625
631
631
626
633
628
632
637
630
633
637
638
635
641
644
644
639
641
641
649
643
643
650
651
651
647
648
653
653
657
657
656
662
656
656
660
658
667
666
664
670
670
670
672
674
674
670
676
678
673
675
678
676
680
682
679
684
679
684
682
685
690
685
687
692
687
692
696
697
697
696
696
695
702
700
701
699
704
705
703
706
709
707
711
713
709
714
716
711
713
714
720
716
717
724
718
718
721
725
722
722
730
725
731
728
729
729
737
732
733
736
734
737
738
740
745
740
744
743
747
743
743
751
748
747
751
750
754
756
757
758
758
755
761
764
763
759
762
763
763
770
770
772
767
767
775
772
777
777
771
774
776
775
781
776
781
781
786
788
781
785
783
790
790
787
793
790
793
795
799
797
799
800
800
797
797
801
807
805
803
806
809
810
810
811
810
812
815
818
818
812
821
814
820
819
820
820
824
822
826
828
831
828
831
828
834
830
833
830
836
837
839
835
842
842
839
843
844
843
848
845
844
849
849
847
852
854
853
850
855
859
854
860
859
859
858
861
861
865
865
865
871
865
865
871
871
868
877
876
873
876
876
878
882
884
884
885
883
880
889
885
891
891
891
889
893
888
895
891
898
896
896
897
899
902
898
901
906
908
909
908
909
906
907
910
907
909
916
911
916
919
915
919
921
916
923
920
927
927
928
929
928
925
931
926
935
932
929
933
932
938
937
939
943
943
942
938
939
942
948
946
950
947
946
946
949
954
953
953
957
953
954
955
955
958
960
964
967
964
961
965
966
967
972
967
975
968
973
978
971
978
976
974
975
977
977
980
986
980
984
987
983
984
992
990
990
994
991
994
992
996
993
997
