3956
349
-221
-229
-2611
-682
-382
-6227
627
875
-2546
1348
640
-3906
-2506
1423
3909
-2965
-1008
16
-3108
3937
-5013
-1647
2283
-4768
1150
-344
-640
5306
-2311
5109
-1810
-1371
1774
2270
-1482
-3262
653
138
3137
4811
783
79
-1772
486
-1171
-1055
-79
1532
-622
-3560
-5027
466
-365
-222
-4722
-4367
8110
7010
-181
524
-7818
-1253
-4191
5595
440
1585
-1997
5644
-2914
62
706
5439
-416
-306
-6480
-52
244
-1215
-1623
32
-1654
-1687
-3894
3750
941
6844
-938
1696
-8835
-547
-5963
-3426
-1622
-715
2440
4576
-254
-6243
1481
1821
-2167
41
2187
-961
1647
548
-6863
-1980
1110
54
2317
-18
-6562
2278
-4753
-2
5068
938
-4534
6842
601
-2005
-5031
5448
-3914
1010
5531
-1
-164
7253
1884
3484
6168
437
-565
3110
-4040
-4255
-7149
697
807
-1566
-2030
-5269
-7837
5465
7441
583
3513
-3877
-2116
163
-227
-4557
3627
2834
-7828
-7592
-1139
8646
-5241
-3770
100
1988
-1829
4765
-330
-2402
-2688
2636
-5451
-486
995
-2543
-850
-2747
-1597
-6488
3021
3397
-220
453
1380
-2527
5038
-6313
-1988
2786
4006
3746
3692
-881
20
3187
-1818
151
-6254
2508
-2570
-1115
2020
-386
-2422
-539
-574
243
-1350
708
7590
-1908
-291
-5872
2022
-4703
-510
-1422
7017
1021
-101
-2276
-5930
5554
4434
-4919
-614
19
462
-420
-78
-2532
4212
-904
-5824
-4662
835
2632
2857
-5551
4058
-1250
5319
644
-1354
412
-2774
2242
2489
-7025
-5832
6792
909
-3090
9
-2050
520
2349
4348
-5583
-312
1545
4598
-137
-877
-290
-2911
386
837
2845
-3269
-6397
8518
-7455
1316
-2057
325
-6738
-1462
2328
-6788
-7529
-6850
-1983
-217
-208
-279
9
4715
-2843
-276
-571
125
-847
-3156
1134
738
-9425
1425
-5476
-682
32
6517
-2456
-810
-1565
224
-2266
1817
-2440
1239
256
3544
10
6831
-4607
339
-5718
-192
698
-347
134
307
3369
3275
-5724
491
1277
-2688
-3631
3512
-576
-3630
-4039
8665
-499
-684
-2456
-6770
-1654
-745
354
814
-4338
-131
-582
-1129
-719
86
4685
-4079
-6019
2716
-308
-5150
-1136
-3828
-1415
1401
2278
2617
-2281
450
730
310
285
4533
-2516
-784
-685
132
1616
1783
-796
5937
-1634
1085
-1
-3551
-8824
3954
-4577
6141
1256
-1033
754
281
1242
-3358
-48
3917
364
6268
2663
-2276
-5227
-3702
7178
-4548
-267
-279
150
-3355
-1012
-5133
6455
2322
9082
-6239
-1367
56
-2301
3331
-5142
-296
-7792
-8405
-162
4687
2211
116
1235
3640
1135
2382
1256
-1067
-762
808
-20
7293
5412
3069
-1938
-3320
-4783
8778
1064
669
-3501
-6646
-6190
258
-5309
3952
-3204
-1866
3481
4253
-7292
1564
1478
-2059
-132
-525
2390
-2541
-2592
-2226
1886
-3232
-3890
344
-262
1119
-1483
4981
-2956
-1857
-2342
-1158
1193
-420
1271
59
-1323
-888
-3509
2223
8080
2586
2857
1807
2452
3067
-374
3834
-5533
3092
-1932
2669
2960
-714
-1266
577
1896
-1623
954
-3512
1831
