-3683
7509
8267
726
1643
2997
-1129
-81
-1739
3442
87
4981
-2344
3112
-2472
2625
1238
-1575
-6701
970
3056
814
-1707
-71
-8
-2120
1485
3158
-1108
1217
4449
-3763
-6643
-340
732
3161
853
6124
6247
-1006
-418
3374
-14
80
-10
-7104
2177
3305
1176
3010
-3350
-2066
-2634
1903
-629
1843
4222
-3615
-1693
-19
8272
484
237
-3270
441
2231
-2524
4142
4932
-1234
-124
2228
2447
2456
-4527
6257
992
2154
4825
57
2350
-1500
1300
4583
4580
3249
-1739
348
461
-269
-139
4755
-1596
-240
-4
-871
3123
323
4907
7970
1332
-4923
-1651
3381
-2018
-1712
-5082
2716
2072
711
-1231
-2818
2907
3231
978
-31
-467
1031
1628
-539
2650
-8763
-326
-748
2172
-1365
348
-862
-2849
-6
-2760
-107
-1232
-1909
6786
-782
-162
2408
-1761
2430
-4397
2449
-16
1466
-120
-3975
3973
-655
3131
965
2964
5256
3726
-64
5382
375
4146
9063
1221
5055
217
-4913
4893
835
149
3757
-5247
2804
-4559
-99
-4945
735
3034
14
-279
1330
-6533
563
5273
7330
2239
-5850
1700
7004
3171
4012
-8104
-988
4691
2730
4344
-5552
-910
432
4473
-236
460
-732
728
1219
-2257
-289
1514
2908
2586
-28
-460
3547
-832
-6344
-2995
998
-2990
-631
1711
-701
4525
2795
-1359
288
4597
1417
1672
-55
2204
-1052
2164
931
1395
7778
-6180
1500
1224
4934
-2030
14
-132
178
-944
6164
5193
-756
-50
137
478
7802
1290
204
-2703
48
5664
1953
-2437
1133
3984
34
4721
2007
5491
-504
-4750
-1248
477
6151
425
-3701
2841
-3626
-720
609
192
6
3140
1147
-3693
-3664
4030
2146
-3403
-163
3472
-309
-5118
4033
3942
4329
6647
318
-2251
-1688
-6795
-1901
6440
-972
5755
179
450
-7089
-953
-343
541
1488
-2845
6571
-3168
1733
-4657
3105
-6386
386
2922
-4801
-3122
-302
4911
-3005
-4517
1167
-93
1164
368
7946
-1818
-5267
-266
-1749
-686
748
5281
-27
-8318
516
1984
-2799
-1146
-526
4604
-524
-1246
3016
-1371
-7888
-146
-1397
4499
211
4989
277
2187
-2548
-5930
5078
-4001
-2154
-2053
1339
-3529
1159
1017
2152
4233
-508
32
1594
-2061
2251
-706
-7706
-1412
2473
216
-384
2522
-166
-484
598
4229
4539
-681
738
23
-3056
-3732
-3590
3323
8427
-539
3900
-5478
-278
-8483
2535
2815
2996
-6997
4217
-656
6057
-4321
2051
1608
273
126
606
2792
-5996
166
6941
-455
-2017
-4511
554
1470
-1486
20
1200
-730
-353
456
1505
303
-4224
-2852
-598
1396
2225
2336
-3403
-3964
-2780
-3405
-4275
4424
-2872
-1228
-2299
-586
-935
-3651
-5703
-2354
525
-8922
1458
-375
-1011
-2920
-4933
-718
-5271
1284
-4989
2071
-627
2933
2159
5071
963
-4758
6723
-426
2088
-1245
-3733
-5707
-1399
6213
-724
-494
6125
-8
1371
2588
562
-106
1450
63
401
-7396
4871
-2612
3962
-763
246
-1014
3564
5283
-1809
-2270
2160
-663
-3274
4853
-2762
3842
1587
-1598
4560
0
5545
1004
-7128
-2068
-6804
-419
1830
-4752
-1010
949
-8300
2567
-356
1089
670
3293
541
6890
0
7036
-6237
996
-1085
4175
-1125
3656
-499
7292
115
2953
659
5697
259
-2957
-631
3758
-5391
1339
-9297
58
2437
3174
2010
1600
-683
1680
2259
5103
-2034
167
1700
1066
-129
-6539
1426
1426
-5501
-2045
1862
2981
2910
737
-7729
-755
-6768
1886
6138
-2528
275
3555
6469
-2088
-337
3093
-749
503
2174
-5563
3406
-8212
-3719
1101
2290
498
-1200
-1222
1373
164
-7
1480
2945
-4263
5616
2248
-734
-3083
2515
-1996
1494
-10
-257
-3379
2562
-709
-248
-1054
-3065
-432
-604
-2120
-2397
-115
9172
6348
-329
-4779
1390
611
2696
-502
149
-3746
830
-498
-1311
-7263
4362
-34
-3807
-2098
-89
-2268
111
755
-158
-5315
-4902
-2510
2702
-2111
-88
46
180
-889
0
2284
5352
-347
-1394
486
2263
50
2444
3785
2882
-2140
82
5266
49
-4727
1965
6521
1892
-473
-3379
832
-302
3531
-4117
-2355
-1572
1444
-96
-2992
-1289
-5358
-4037
266
-1121
-148
-7472
1648
-308
-440
1389
575
-2450
433
-3907
-6233
-2871
1046
-2759
3234
78
-5669
6162
-3586
-3357
-4017
-6824
-6014
-3166
8550
892
7187
1697
1282
5630
-6476
5265
26
1885
7053
376
-1278
4556
1719
967
388
-1902
772
-48
-1421
1513
6144
-3542
-377
-4650
2183
-166
-1299
-366
-4348
-150
41
-3759
-515
-3701
1290
-866
-4819
8
4713
-1406
-3334
2013
1927
-1518
4125
-7258
684
830
-3322
356
576
191
-7464
-4068
4322
-612
-3314
2613
-101
1162
-5992
1861
-750
7600
-8058
-5045
1023
-3222
-2837
7073
5061
3514
2216
2144
-579
-2958
-1972
-453
-8518
-4120
3988
4156
616
-1269
-3447
1905
7330
5171
7813
8295
654
-13
-326
1411
-877
958
-7972
-970
573
-118
2641
2296
1447
-339
4849
1403
593
1951
-1931
4554
-3046
-3154
-381
-526
-4381
-3844
-1178
-3179
-1769
2290
-2875
2530
174
978
4502
-8275
-4099
4394
-1833
725
665
-2525
106
86
-2250
297
-941
377
-5478
2603
-4741
5773
-3709
-3664
4428
-1640
-5856
9267
5511
1537
-924
-6106
7955
-2724
-5773
4136
455
-9042
-1037
-2311
5340
-79
7118
-6253
699
5395
-4710
-1383
-3633
-1128
224
6937
-3622
-699
-2313
1908
-4109
-7770
2876
-560
-515
2536
496
326
-2815
-121
5679
1642
-4783
147
-2412
-1016
3156
439
-1538
-1495
-1401
4180
429
6214
745
957
3705
4959
-6585
972
3162
-482
-4622
-190
2091
-2880
3011
-4550
-4936
1960
2148
1026
-2006
-5
-196
-4572
2174
-1467
5624
1976
-1067
-125
4036
-901
-2677
109
-170
-4950
-2501
1396
-2842
-6573
-1593
-1883
-5575
-6563
-4327
-2033
5218
-117
1875
4559
1085
-3633
-11
3541
-607
865
1718
5180
-5279
5348
-3454
1079
5473
-1220
-2052
3860
413
2898
-582
3756
-7081
-1469
-7050
101
-4402
-374
1086
-4611
744
-1498
4026
434
2909
1536
1698
-971
-517
9361
5114
-5032
4229
1220
-6263
-341
-3838
-5298
763
-3793
