3736
-877
-151
-1276
-2642
-68
-1248
85
-4388
8090
-5944
-3372
-740
2092
4360
-3308
3926
-6022
352
-1291
-1613
-8023
-2050
-1840
4431
4266
-1542
5804
7639
-1564
-24
-3692
6373
-892
1004
-3758
-945
-5000
-5557
-2019
-355
1312
558
720
5678
5713
6192
1012
171
3808
-2171
4020
-4033
-5908
-1757
-2165
709
1842
-3026
-3024
2401
-1011
-2970
-3289
-1261
-1090
4477
7468
2509
4323
279
-3571
-1072
-715
-1301
1116
426
1920
-3023
-4795
2450
-1113
87
-8930
213
-16
5033
19
6399
-2379
2291
-1641
3711
2727
-2280
3021
-3560
5470
-3977
-5519
