-1694
69
6824
-3494
1477
8392
1053
-8993
76
-2371
-4599
-101
698
-707
1217
5672
-1597
-1588
726
619
920
6114
-1886
834
8246
-836
5254
1821
-1205
621
-7314
-666
-5113
-7105
-118
-2440
-1714
-4651
-1338
-991
1045
6200
1690
2325
-1617
-78
-821
3700
6469
6656
-2301
-3099
203
-349
642
-2004
-241
-4031
-3816
1226
-92
1378
-1330
1261
-867
977
-3245
-3956
4342
-760
184
1150
-5663
1702
-4509
-38
-339
927
368
-5315
-2565
3233
-6705
1146
4138
-7312
344
248
3634
2761
-1080
-37
-785
-1612
-96
6315
1948
-4194
4980
291
3635
4526
2938
-1898
-4408
5400
-79
1447
7213
2255
-7551
7355
-3428
-8691
162
-59
-1888
6149
-6070
-95
-309
-4186
-6455
5456
-1196
-273
-2617
-1931
-37
1940
-3901
-245
-607
3188
-1264
-657
276
67
-2966
-4265
-8048
-2507
-1488
2743
6250
-1415
-5027
-144
-6
3552
2760
2029
-1198
-839
701
-7675
-1458
-2466
-7857
-1131
-2429
3678
1850
-6635
-704
193
8614
617
-60
-3632
-1503
-791
9022
1933
49
-559
6865
-6834
1070
-5869
-2798
-2369
-2407
-4963
-3896
1357
745
3325
205
-1583
5680
3609
-186
-1378
152
-62
-1100
5806
-778
-5349
-919
-973
150
-183
-4990
-1467
-2
-3
769
-5964
-6404
1359
3582
-1447
-227
-45
9416
-177
6039
880
248
1972
-5360
1374
-5523
5064
-3076
-3774
586
64
3679
-939
44
-1988
4777
-1026
-16
-180
536
965
-5002
702
2942
-3645
580
-2644
-13
-4707
-2196
2101
4814
59
84
-7396
5113
1181
2143
6029
5751
889
2266
-2401
7842
-2749
4661
-1925
327
2210
728
-132
-3959
30
-5302
-4156
2701
-522
-201
591
1157
618
-6498
-2031
1312
115
-3069
3202
-4249
6913
-9621
6315
-533
4785
3498
2608
1595
-2710
1266
636
-974
551
-1546
447
-2160
692
612
1253
-431
1617
1688
897
-1054
1743
-2771
-5937
-1123
2560
7360
-2299
2298
-107
-1913
4486
-5911
1540
-1099
902
4390
0
1217
-1454
1488
241
-8565
-3282
1341
-1440
611
3368
-6205
-1225
4732
1433
1316
586
2216
4999
428
1081
761
350
-3825
1931
5169
-7724
3449
6068
-3811
-3907
165
0
-4236
-1948
954
406
-3538
2046
918
-4670
-240
-155
-5
-2041
-388
118
691
-4771
5394
8215
5266
1351
58
419
-1841
-2180
39
1047
-1669
-430
-2095
-2592
2021
-4521
1109
79
-516
-952
-6836
-7418
-61
2946
-6506
-1242
911
7277
-212
2131
3413
1598
2900
-45
-606
-1019
-358
-4334
2
-7347
-5985
560
1342
-4142
276
-121
64
-3135
-6974
941
-33
161
4571
825
0
-348
1567
4397
3517
5322
3434
4166
-1133
-34
146
4118
-2443
-3964
-7607
-761
-962
59
-3642
-295
-7694
1762
-387
-432
1728
-92
5095
-1269
-221
1074
21
-227
5066
139
-201
-2056
-3401
-645
1568
-554
228
-2579
-3332
2979
4352
5290
2173
4649
-6126
517
1664
1060
1417
914
-4400
-778
4156
1659
7834
-4837
6258
953
-1559
-1556
1260
-525
4683
-5307
3530
5352
-199
-1757
8594
701
-1376
830
641
1750
-2204
-2240
-4151
-4465
-2705
-697
-1664
1857
744
99
7837
-511
-1764
-5446
-60
2695
-2414
-1295
-794
-2903
1281
2041
-287
-1408
-1098
228
-954
5160
2204
-2948
2386
1177
4709
-3789
-77
-1385
5993
-2451
-110
-22
-6700
3985
-293
2336
-2895
5903
-690
-1100
1280
-588
-1286
1034
4862
2356
4062
2698
72
208
8681
-4080
4686
-6052
7067
333
4275
405
-817
-2950
4027
6330
-2502
2873
1087
311
714
6101
414
-7376
4587
-521
325
2944
5701
399
145
3112
2780
-2219
-1272
-43
-1900
-1024
2156
8970
-79
4600
2422
-3861
-5
-118
-147
1000
1201
-6810
1328
-4570
-3534
229
-1527
-2861
-4125
9126
-2595
6988
-5845
-6591
1928
110
-31
-3754
5484
5888
1310
-711
1323
3004
-276
3123
-364
-5341
893
-3323
-355
2372
361
3
2635
2639
-2246
1651
-7083
1602
-1840
-209
1791
15
-60
490
-1885
-1302
-5251
-7016
5600
-37
5201
2570
926
5950
-568
-4112
1568
-64
4200
-5674
-167
-2726
-562
915
-8313
-170
-3906
-936
-467
-5148
-983
379
6203
5601
7665
-7
-1060
3900
-4613
-3278
-351
-619
4268
-222
7289
791
663
231
-3167
1786
39
2968
3538
99
354
3736
-770
-1316
-77
940
5627
-7
-1493
228
-74
-6777
2167
-2937
1170
870
-632
457
5401
6243
373
-1942
-1978
333
-464
3894
-1227
-3152
2856
-2483
-1576
3025
3262
-1415
4393
-6789
3558
-282
-5119
-346
-7481
4654
-1239
5178
-1189
58
-875
2384
-82
4605
-1648
1392
-867
-190
-70
252
702
-621
2092
-5143
5168
-805
5813
-7744
3471
1465
2292
1195
-1018
-884
-331
-1262
-1271
-2848
-709
-1830
433
-569
-324
484
-2318
3828
-1433
-2458
-19
-4486
1147
-1783
193
4271
-908
-916
6780
3907
-1220
5807
-992
-2052
-2899
-3708
-2838
-583
-3502
1477
-1868
3300
-477
269
-1990
-1831
-2889
2779
2763
4771
81
2645
342
-1651
298
295
-4
4286
217
-157
761
1071
-1529
2294
7814
-2318
-1140
-788
-1693
302
-626
6618
-1899
-37
384
840
1210
-1812
5714
661
-3791
-1393
-2126
999
2280
-1860
1
3226
5022
1615
-852
-1572
221
2375
7375
2465
450
406
-3849
977
488
-72
-73
3567
-1983
2430
374
4731
128
393
-1399
-1724
5784
1329
4677
6899
-384
-3778
9
-5833
-598
-1625
1251
-399
-749
2274
-122
43
258
-1227
6219
-7021
4471
-2465
1023
-35
-106
-588
6732
-5
4078
-93
-188
-2875
348
-97
-3924
-6131
2
8856
-2406
-3247
4571
-335
-5057
-1828
-6893
-2527
548
-1023
113
568
-2484
-540
-3693
-4136
6575
1123
-1189
1101
563
-1367
-2042
-9532
-1498
-2635
127
-132
-3820
2879
-1796
-2046
1942
5595
4562
1463
402
-1834
53
-20
-1301
568
1112
2277
1984
3813
790
2808
1546
-3013
1273
-243
-1400
3885
-339
101
304
-2242
8063
-3229
-107
-6289
3640
-5791
-346
-2010
-24
-7881
-299
1951
-2252
-2116
693
2467
0
5351
-314
-630
-8503
5611
-995
-504
1215
-1466
23
-165
8238
7477
-324
220
278
-1449
454
5789
-9177
-481
-5490
-3127
887
-1503
1143
1456
-127
-6561
-945
-1512
-1563
-696
149
21
-7048
686
6203
-3786
-3339
-3
-3960
1210
-562
-595
2231
-2334
-354
2710
-395
-604
770
-2840
-5400
-4091
-7830
1594
278
2409
-2
2845
-2976
496
-295
3486
421
-817
-4805
6386
1054
29
-3787
-8320
43
-2780
7904
8667
1377
167
1538
-5771
1254
4597
824
-2022
-1713
1200
74
4549
-1860
6197
-435
-630
1175
1246
-3590
771
4918
2797
-8930
-849
-173
-6432
-6670
1672
1785
-875
1
638
6611
4699
-470
-3381
-5500
2211
-52
396
-6588
3075
2012
3102
826
-416
4513
1015
-1104
2320
1861
-6305
839
2215
-2958
-4504
1563
-1053
4773
-460
1801
308
437
160
1470
-2495
7747
1140
3379
-1084
2318
3407
-315
6240
851
-2307
-6400
1355
752
-3209
-4897
372
4989
-81
4621
2280
-6256
1148
970
2390
-2399
-1948
6464
1886
-297
887
5342
-1286
-1805
-3131
-5885
489
-5258
-1623
4842
-4384
2063
289
2017
1410
-722
77
1143
-1073
-721
746
-1831
5677
-66
-4735
-338
2619
2051
1642
76
384
1
-76
-2981
886
6677
-7090
856
-5055
1499
975
3088
3215
3081
-5289
3506
2620
5384
3491
-3055
735
997
2664
2632
330
4314
5285
7375
-1453
195
-518
-1862
-1217
30
7734
-3244
-8565
3724
2151
-3126
-1904
-6668
-5179
-585
-266
7811
-1312
-8227
-7926
-2593
2577
1870
4325
-887
5404
2640
3738
-6917
-4177
-242
1208
-3022
2785
-2036
-75
5258
-314
-4164
2021
3766
-1231
2618
7632
269
-5804
2076
1350
2454
2337
-1307
607
-2990
-985
2539
-1120
8950
-762
-212
5039
-19
3788
6715
1886
6623
199
4417
3250
-3528
21
-1247
-2300
3790
-4308
1844
-1705
1222
-1827
-867
-7667
2186
-7395
1007
3297
2469
-3478
-3018
-3171
270
874
2694
2960
310
3274
-2669
1842
-634
-1387
264
6818
-3034
-7008
-1288
3804
7299
2200
3498
2973
3040
199
-1478
4612
-855
3997
-5973
565
2335
21
63
-4401
1110
2691
-3502
782
-4505
-233
-2619
2557
93
5296
1577
-6934
-1812
-2501
-143
-2934
-1770
461
-1767
-2010
-3048
-6392
8248
334
191
174
-179
-2040
-899
-362
-4941
-53
-6077
-869
740
603
-1786
-5335
868
1286
1320
1312
497
1188
1438
-3072
-1061
5546
-3475
5471
-724
-308
798
-2295
-1057
-5756
4114
886
-2947
5172
-425
-1367
-3750
-8127
5818
4357
5414
-1244
-4384
-2693
-777
327
-4731
4300
-4596
1798
6014
5226
-2203
-8266
4505
-3640
1578
-8173
-5417
60
-974
-3004
1473
6624
853
3837
2648
-2736
2755
126
33
-522
-8411
-344
5708
1520
843
0
-6041
2884
330
593
1561
-2728
4489
6030
3985
5716
881
7277
920
2114
-774
4257
-1167
5340
1763
377
-183
-175
1406
6329
-1605
321
2934
-1318
34
-2087
350
-2952
-157
-1108
348
1191
-1383
-1875
-583
6049
585
-4148
-1010
163
-5638
2393
6680
300
2217
-6822
-664
3662
-2954
-324
-9330
6413
-1643
-369
-1000
-5355
439
4088
4080
-23
-93
-543
960
686
-2251
-4194
-2891
132
-390
3736
1710
-539
1713
868
-6532
-3154
688
8160
5569
-1326
-1767
6694
1688
286
-4792
-1811
2638
3913
-426
-2991
1075
207
586
-333
-1962
-3723
1484
-2473
5772
-2567
-4009
-2512
-3109
300
3580
10
3488
-235
-7474
-372
-2019
-3149
-1366
-6998
-252
69
1106
-3878
-2974
-1423
1336
-1649
-4145
-2850
-1859
-127
2655
8365
1221
860
-1002
207
-1508
-265
-2651
1967
-1547
276
-7913
1636
1759
3227
-1785
-2906
-948
7983
6037
-1705
1604
3091
969
-4195
5963
-3172
-3797
3611
-1223
3550
-3427
1532
2447
-127
-1765
3248
5783
-631
2253
-7
-9336
774
-118
-2880
1077
-4628
-2950
438
995
87
4022
1010
6325
876
1579
4241
4313
-1836
365
2174
-2349
-507
-1503
608
-2543
1980
1149
-2149
-71
3133
3197
3042
-2159
-4529
-5503
-4483
2289
-71
-1114
1115
-2839
-415
2682
6204
-5149
-282
607
3385
310
3646
1968
2637
-2486
332
-1589
4585
190
231
5083
4967
293
-3537
2196
5943
900
6420
1040
-1025
8779
8154
2628
-1744
-1476
2279
1972
-4290
2606
8964
4425
-458
4453
-5551
-1189
-2589
229
-4948
2346
3276
-3905
3178
-5772
676
-233
1294
-5044
-333
-236
2821
2645
2846
-2354
-1864
-952
1516
7060
5118
2493
-3556
-124
-6912
-190
4993
-1372
-8194
3700
-3780
-5388
3139
-1626
-7532
-3329
-1354
4380
-22
2146
-715
2666
69
2746
418
481
-3413
3154
7046
4462
351
-2601
-91
6145
3125
1720
3564
1459
304
826
-1117
-4965
286
415
22
-4668
1314
4209
6098
-9082
992
816
-19
-1087
3587
5366
-625
239
-3537
1815
-2125
739
-4996
282
-1336
7863
-3774
2181
67
-106
796
456
-1680
412
-1554
1345
451
-875
1435
-184
4070
-8334
-2231
-235
584
6317
-4377
898
-2485
3897
-138
3117
416
-247
-365
-281
5788
6380
2479
-4535
-282
-553
6906
-3150
3130
2639
4193
1116
646
-1755
-3391
-9118
1555
4228
-13
-522
3688
1938
1957
2765
-198
2046
2601
8131
6626
-1656
4617
-95
436
-2072
-850
1075
-4597
2611
147
6231
357
4832
-6247
2362
1534
-1881
-424
506
-33
-5484
-1444
3655
145
417
-576
-322
-431
-7079
-2950
-1512
-208
-1658
-5338
-960
-758
-2042
-3393
-2432
-1283
3113
-600
2713
1771
-4548
-7338
-603
1438
-147
1480
387
1216
-1707
6731
-1826
1955
2435
-956
8862
303
-5452
-5743
-3643
-2082
8983
-93
56
-920
-93
4833
6430
-5641
2410
1875
2529
-3263
-23
0
-2122
-387
4514
133
-1589
5222
-246
-2028
-4674
-681
4214
-1223
-3921
-494
-476
2939
555
1230
4034
-7149
-5105
-4074
7800
-1362
-3376
4484
-68
-5533
-1689
40
166
6259
5380
9140
-720
-1782
1622
-293
-307
-1246
1697
-51
-204
722
-1312
-4629
-2619
4208
1823
-8954
1460
-3609
1190
4998
1816
-3085
-71
-4282
3777
-4623
1450
5723
-977
1935
-365
854
-4040
-59
-4737
-607
5482
6907
-2865
-4723
30
-1079
2000
483
-272
-2189
-5048
3040
4196
-746
2119
-2906
-447
5353
1350
-2378
-1145
1597
-4082
-697
-1596
6516
151
-4619
-4442
50
6229
5517
117
4892
3391
-1363
-437
285
283
-2013
-5423
-655
201
706
-642
2827
-325
4239
-166
4282
6200
852
-2867
5045
-3683
-3131
-1275
5086
4507
2382
1607
-1949
-4286
-1553
-1334
7111
3255
0
-3419
-798
-162
-4438
-926
5338
-7599
1400
-1532
5531
4368
-7244
-999
-4271
-710
-3285
-5669
2156
847
-1150
4526
3952
2522
-809
853
-9002
1595
-376
-16
6325
1403
-1037
-603
5938
-1992
-59
1256
1742
5145
-1198
1529
733
1465
-3605
680
252
-1240
1883
-1943
314
773
-1755
34
-5105
5
-4824
4988
-1484
1279
1859
-4234
343
4929
370
-755
1431
-6857
-2887
1262
2033
-2223
-640
-4703
-2095
-896
5796
-2019
-3661
28
-409
4181
3383
-3629
-3995
-3822
1148
2559
3031
3122
-1414
2841
1299
-2083
2771
-3621
5428
-31
3963
-1175
1055
-1139
2557
3750
5114
9240
219
-3141
699
533
2454
2305
4083
-4658
468
-5432
2110
-796
436
1378
-3474
3071
-1141
-1850
1932
-3858
7013
-8461
4351
-1966
771
-3381
-1313
3267
1078
-3236
794
4072
2478
-4836
642
1433
5640
-4225
2732
1571
5
3163
7763
-531
-97
-2334
2699
-7960
-2485
2490
-4880
-1077
-3292
607
170
54
195
1113
4812
-285
19
2738
-7292
124
1119
-8308
61
8777
101
206
1984
-2123
-2864
4846
653
256
-2738
-1661
98
-963
-6578
-4379
1742
-1147
82
5353
-4052
-3375
673
-1750
1044
2585
8002
-3897
-1211
-26
8059
3792
-2846
5577
-6324
-5492
-3988
-6742
-2142
-562
7932
-5161
4487
1841
601
2249
-4574
-114
6315
-5424
-375
1281
2540
-2369
1636
6206
2347
-2241
-1075
1
-4740
10
5719
1551
-191
5036
-3716
-3226
-206
-3066
499
-1424
1849
1329
-188
-2386
-1322
1903
-2353
-4821
5789
899
-3556
7313
6813
-5911
-3425
3166
417
142
632
-8879
4742
1166
-205
-665
4266
-5306
3549
609
-5342
-650
-850
403
687
2921
275
-285
-3705
-364
2522
714
4418
-4304
936
-2670
-6707
2806
-3866
-4640
-3870
1845
1886
-3571
3940
-4990
-3804
-266
-713
-1346
-1644
-1505
4816
-8250
273
2498
-1088
-317
6803
-774
-3462
-2966
-4434
-4954
-515
2169
7862
2850
-173
-1687
676
-784
-906
2066
2195
202
-1152
184
1097
-402
-379
-6782
6765
-1377
-7273
6664
-4898
-2189
-629
2539
1069
-15
-351
-1212
-327
73
7918
-6069
-1723
-738
-1354
2487
1007
-1557
2578
962
7957
3923
1297
-1747
-709
212
-174
-948
-1928
-3914
-902
646
-1544
-1343
691
6478
1286
-3116
521
-5058
2699
12
4089
-2439
444
1403
-820
-1944
-240
-6731
569
-2871
2904
-1532
-1400
2308
-2514
2037
388
-1005
-110
-2844
-4311
665
-3949
208
-1633
1000
1067
-5354
1184
-3086
5824
3323
-1045
4386
1191
-7164
-543
-62
-3579
3867
3281
-3675
4033
-3921
-6964
1140
1570
-311
399
6354
53
-22
-1384
-4934
6449
992
-2230
3651
1359
495
-4920
1041
-4178
-1734
-139
-5028
665
459
-62
2971
9431
-1275
-4402
2722
-1351
-757
7797
566
567
793
-6251
6895
3944
1097
3424
4624
-3841
1229
-5552
-3753
3531
-1483
-307
1199
578
-2145
6103
414
961
4828
-3155
3501
383
6387
5751
8817
-8420
71
130
4439
-470
-1068
3707
903
3083
1187
-3095
5666
-4180
-225
668
-3960
-1116
-2294
4814
-2964
-3481
5872
468
913
-4233
657
-1661
-7392
4926
-3245
821
-1135
-2485
-369
-2838
-4731
-1568
-3118
3934
3881
-1574
-1390
963
-700
600
1272
-1602
-991
-4638
-677
-531
2588
-5440
274
2930
-5386
1874
1308
2940
869
-1025
5327
4457
5413
-2520
3595
3689
188
1019
809
-1042
-262
-224
-2864
-5894
-911
714
2470
39
6098
-1150
-1312
-6450
2880
992
-545
-169
-548
8395
-4228
-27
-6962
-8008
-630
4574
-1403
-225
7407
4767
-3118
164
39
-19
-1779
644
780
1515
-7386
-1293
-6533
6647
-2206
-2109
-235
174
-2101
950
4356
-3508
-1445
594
-107
5717
8097
-377
5090
-4155
-3219
1
479
-6216
80
-979
314
-1593
-919
-5399
497
4107
-1865
67
-1520
-4537
1146
-117
-667
2099
-289
104
-100
812
4301
2371
262
931
-5358
2350
-2308
22
1884
837
2451
-3851
-7440
530
-485
-1670
64
4088
228
4740
2760
1587
-1509
561
-3223
-359
-929
8887
-498
562
-24
4223
2473
-3483
4037
882
5849
-1718
2588
3675
1381
1009
1001
-5164
-1207
1519
-3153
-4377
-235
-1925
-401
4109
-489
1804
-446
-7586
495
-175
3056
761
776
2323
6532
-7442
1096
-1837
-553
-1408
2623
-8011
-898
193
-6186
-949
-2735
65
-3125
3830
-154
-696
3456
6310
-7620
-253
-7995
-681
-217
-1818
2246
-1611
2864
-943
-162
-1630
-1738
-1084
-84
-1773
-852
2166
-8364
2353
-2131
3050
374
-201
1777
5831
-7144
7938
6179
465
5510
-4198
6729
109
-3144
6181
655
1908
6261
8635
1482
-1651
-1
1772
1131
-1737
-4209
-2806
-1281
5747
425
1758
-4088
591
617
-98
580
261
-2715
-4268
6173
1437
988
6014
-3526
-2807
3453
7
3372
2768
433
119
6608
1676
9459
-83
8059
-5759
5015
663
304
-3275
-162
651
-970
-2721
2025
1587
-3
-1015
7169
153
3207
-6212
-5638
653
-899
422
677
1828
1320
-2608
2575
-5237
727
-246
-3666
-4211
-439
-1709
1925
-102
42
-655
160
-3291
2133
-5307
-3126
-650
-31
952
-2942
-1338
404
115
7968
1580
-5312
3078
504
-4762
-154
-3207
-3133
-7229
465
7413
4125
-5500
183
1780
-132
323
12
-5998
-1646
3025
6473
-5272
523
-2217
-455
7188
-509
3219
-5492
7993
520
-4231
-7276
2219
3341
1992
2890
421
1828
174
3058
6082
834
-41
-1086
-3327
2464
-61
1119
-356
-1666
223
208
-1664
-1243
-888
1792
-1137
-4097
1775
-3488
-2296
-715
-1710
-1425
1597
952
4210
-5756
-5918
-3816
-429
-518
-2977
-4094
1171
559
905
74
-28
-138
-4620
3208
-3041
-4115
2992
-3844
687
-2307
-4859
4332
2109
4847
-1012
5179
2067
-841
-6367
-1232
6342
1770
1245
4568
730
-4977
-1616
126
-1401
3407
-4405
1814
100
2504
-792
-7086
736
-2339
1061
4972
-47
-706
1214
-9264
6540
5622
-33
-1330
5305
-4685
-1778
-783
1769
4211
-2200
1451
-2531
-3612
5199
5759
1508
-2183
-1481
-642
7596
-3737
73
1012
3489
-1685
1081
219
-3089
5332
3201
-2586
-1774
3698
1752
-2633
-803
-4422
7310
-2318
-879
1061
3440
-4060
-2403
3073
6022
-6815
-123
-5770
154
-7211
1383
-724
-4325
-471
-981
477
143
1594
-4654
2230
-712
6684
2245
6897
638
-7350
-1144
-76
-775
4036
-4232
2840
1543
1571
1819
200
7199
-6829
7386
496
296
-291
-1640
-982
5666
2808
-5136
-5771
-4380
502
-5339
8636
-18
-6770
518
5904
-5679
5254
3254
-1949
489
160
1552
4874
-1557
-1292
117
-5265
-3354
1619
5134
-591
-1053
-1232
-39
-539
-3555
129
-3190
7239
-6162
-73
-1751
-1694
-2295
-3863
-178
-1784
6286
3961
1264
3763
-4019
1976
-4480
3224
477
-663
-1129
753
-2886
-71
1616
-5483
2129
1417
-1349
299
-248
2653
236
539
-1231
632
-300
585
-3455
4863
-1359
2898
-2557
-1279
-102
-7428
6473
-1048
-3023
2741
-941
1704
8192
2874
8237
-386
-555
-3747
186
2566
1297
5304
1127
-157
1335
-3031
4944
-470
1
-5044
-3711
-1383
-484
-4810
5761
1987
-807
-1
-664
195
-1030
3014
943
-927
-409
989
-4832
-1817
-2108
-1366
7916
1744
2850
-69
547
-1860
1019
-3752
-701
28
-2087
-3346
2157
-1928
1874
-521
3222
2351
4193
2402
157
1235
484
-6727
5738
-2218
7871
465
-4630
1797
-2874
1205
-2078
-3954
-5595
298
-1305
4808
-3788
-7044
-3522
1218
836
1958
1384
3371
5168
4505
-5431
-5067
3743
-4625
2824
-1141
5771
1523
192
741
-4421
-2433
2891
-1699
-1841
-6567
-940
-349
6961
-3993
-586
-4031
3897
-1547
-1344
4534
3122
3527
-382
-3996
-1522
-2231
-6201
-38
-2481
-2137
3772
1055
2259
-3605
4739
-4539
3623
-2769
0
1137
316
-4071
-3577
-617
-117
-1244
5135
-5525
7098
-5174
6629
1677
4002
-7048
1144
2145
-747
-2000
4040
3641
3919
-6064
-164
-4964
2872
3570
2857
-3923
-650
-60
787
-1318
2845
-3556
-702
-902
-1347
-4410
5070
-1001
-4225
7023
975
2349
2426
327
86
2313
-1242
4474
3710
-8512
-481
31
1551
-2783
-5477
3848
-2201
1269
-1209
-5286
-1423
2
685
-1373
-2696
-1477
3202
522
-824
-1143
2882
-1406
-4466
-2940
-2963
2898
-5828
1227
-5199
-203
61
875
-1334
-562
910
-4088
36
-20
-3547
-764
5887
-2974
-6555
-7404
4922
4262
-202
-1437
3388
-361
6150
4612
541
2303
300
4023
91
-1622
2889
3869
-2867
-47
-2326
839
2836
1974
5027
-178
6483
-3040
-658
-286
-6879
451
942
2840
-22
1374
-677
-70
6714
-291
3061
-12
-1122
-6820
-2102
-6334
4165
-9220
639
-4273
3411
-612
1606
2954
218
824
1505
-4714
1482
-1255
-5952
988
3249
-960
-2078
5980
667
-50
255
1134
-485
268
-1051
-1300
-8098
-5060
-2348
-6180
23
-536
-1083
-219
3194
422
-1818
398
-4248
2629
-43
4537
-2700
-1629
251
1116
409
-2342
2579
1843
55
178
2826
-2176
-6639
-1890
3577
-3800
-1974
-2372
4940
-3913
-64
-4410
-3288
-6227
3072
3804
-3652
4663
6696
-1595
1462
757
1038
-5297
1548
-1825
-1462
-9298
-2428
-2170
-453
503
0
-1256
1980
-401
297
1161
3308
249
-5250
-96
-449
-5018
-5300
-3925
-103
-2379
-114
5166
3623
1611
-2570
7414
656
1470
4010
-527
2374
3030
-4007
1449
-2501
-3747
-707
2184
-3558
-9320
1093
-1095
6050
3132
1971
4421
-787
-6761
-4947
5165
6234
-67
5002
1591
6999
-7018
-5818
5987
-437
6983
3618
2516
0
-4019
-68
725
-5486
1365
2941
-4812
-1911
-3596
431
-367
187
-2990
-282
257
-1204
-215
823
3019
-3941
-2706
6786
-3181
8626
-1459
-777
4084
7769
-5208
2392
36
-6850
5254
215
104
2426
2479
-17
-4100
-6114
-852
-507
-6486
3796
-7168
107
-393
1415
1852
-3251
856
1010
3690
-2404
3581
3444
309
-1703
1474
-2735
-4454
0
-4331
87
2374
-340
-840
-1365
-465
1721
-2983
3759
-504
-7445
840
2023
2260
3462
-761
1270
4885
-196
-566
3470
-78
-268
2143
-8108
-1595
2012
2874
-223
-5212
-5197
-2639
-8412
-3594
-6723
583
-5860
5797
-1512
-3241
-1187
-5916
4025
2019
-3650
-3172
9224
3470
264
3034
1598
-1712
-3177
-7192
-85
79
2656
-2222
1947
2159
4006
-6773
3048
-2348
-8848
1206
-4881
5637
536
3772
-797
259
2228
-5760
1966
-63
-1997
835
-863
810
-5450
125
-3454
5397
-1295
-2683
-283
-1793
-108
-8443
-823
2703
-25
-56
-3594
7218
-2573
6015
-193
-3
1292
1244
-403
749
-921
4408
4473
6480
672
31
3521
505
-6810
-2972
3917
-219
4997
-2198
-5772
-2330
-8270
2625
1019
2509
-1268
4616
-5462
9031
1647
-519
2465
-4240
2974
7670
-366
-1461
417
1525
-910
-154
1657
-3156
4566
-3805
4969
3269
3257
-427
-720
23
-2883
-239
-8689
-1995
5997
457
1525
-364
-7206
-125
-4126
-1706
607
-2129
-4221
1281
215
-4193
-5093
224
3452
-8775
-87
-3630
2376
6
-1493
-3522
534
216
5180
8120
442
-1809
2619
2771
-770
4259
198
-6601
3207
351
5581
767
3237
308
-144
2639
-2600
-1269
-6904
818
-6318
-1012
6948
2037
176
637
-3040
2607
2531
1047
-2910
-4291
1805
-5312
5089
487
25
-5323
2631
2942
149
-147
6396
-107
918
2195
4891
-7689
-3529
-988
-1260
-1083
1452
4136
-682
-92
-360
998
92
125
-2036
1782
-2732
7707
-2873
-3122
1521
-2643
6576
4161
-1351
-5506
1745
-1540
124
2923
-2655
5545
708
359
-70
-8733
4740
271
349
-1786
-183
-4170
-2945
-2242
-508
-5136
1902
804
1122
-2989
-2256
54
-3009
698
-287
2826
465
-77
272
4926
937
-8651
-5751
-57
7
-3781
1231
-6893
4018
4215
2333
964
3882
-1085
-1445
-5725
-6623
-848
707
-188
-3553
-539
2804
-1141
-3735
-436
7292
218
-339
-430
-4508
-311
2091
-4166
-4236
3863
3831
1076
-2609
2388
-240
-320
-1022
1859
-307
-3485
1587
5314
-1443
-2353
-7676
-5069
337
-5576
7172
-1168
4911
-525
-831
1903
-5345
622
-1084
-7724
2733
-159
-280
927
-5021
5090
-249
465
2810
4205
4501
-2717
-4677
861
1052
-48
-540
-3359
270
-3301
6564
-332
1099
1753
-3843
27
-5129
2494
-1118
-6022
867
-5185
-408
-2996
1680
4633
-386
396
-84
-32
1851
-6251
17
-7209
3167
-1243
1737
925
-1742
1432
1558
3419
-8366
-1310
-899
6992
139
3110
53
-286
-1539
1696
4777
8584
4029
-522
-9393
804
3387
1901
-5578
14
-439
-1305
-1406
2829
1061
3530
-4468
2640
-871
-1424
1266
1984
-2420
-3978
4328
-508
-2280
-152
1743
215
7029
-476
127
5141
-6263
-121
-1683
-29
1134
8182
-1143
1344
3864
-7328
456
1189
3230
-80
919
-480
-600
1605
-4050
5623
-4449
124
-885
-2603
4428
6080
607
-213
3446
-1317
-3391
1730
2132
3213
-5455
482
-893
-9034
370
2544
6620
-6333
2234
-8113
108
1005
-643
-8093
399
-2102
-4957
-598
-6679
566
3316
-456
4517
-580
-739
-522
-3490
5471
5902
2500
-2288
-3620
-474
-2284
1748
-881
-412
-857
-2855
7
1468
2924
103
-4088
1220
-1936
3418
3419
-6370
-374
172
-1884
1290
-4550
83
-3988
1412
-584
-1692
165
4142
3641
-1514
327
692
329
-636
-62
-354
3824
1369
-100
2109
-5777
18
-664
-229
-2751
1735
-1394
-530
-3236
-1712
-777
-1466
-6481
8711
8083
-647
-5593
-1507
-410
294
-101
398
-1389
-954
6324
-373
-1069
2423
-242
599
1217
-2372
-2519
-442
386
-780
1338
-1806
2689
-1541
-2161
5
5272
2031
-3884
1262
-3027
5094
4736
-99
-4244
-188
118
-2875
3586
-4163
-8240
357
4535
-181
-4641
8546
582
4430
-3649
-4192
-4875
936
-1957
-7480
-6689
-80
5578
378
484
-6348
3
348
-2588
487
779
-1215
6741
-1615
-897
-1163
5137
-1336
-351
-3554
768
4577
-3490
1231
-725
1576
-2855
1208
448
4172
1380
1164
-4284
1365
727
-60
-816
186
-2807
5288
-7996
-381
1128
-5964
1253
3622
710
1216
347
2365
3617
-673
-2276
223
-710
-4782
-3921
3690
967
5676
-3819
1058
1848
-2314
40
769
3842
-3863
2811
-1818
151
6015
5761
962
203
864
-730
-2217
5046
-5802
4102
-1736
4475
-1236
799
-2702
4856
6444
-3087
1384
1032
-4796
3854
250
-1295
7942
1885
-1671
-1389
-3824
-1833
-384
-1379
-1251
-323
2838
-2163
2214
-3576
4264
-6133
1980
3489
-655
16
-60
4236
3911
-2134
-1705
-3723
887
-171
-1564
-1317
-4498
-866
-1567
871
2097
-4048
1133
-7510
-1216
-991
-3501
225
2718
6802
-235
57
-5179
36
-2200
-3210
-741
2541
-3384
2548
5342
720
-5821
-6310
3147
-1071
3947
-772
-6503
-884
-1855
3818
1064
2192
-1217
5064
-3456
7871
-1975
964
1971
599
-4487
-1222
3952
-1686
-29
-716
1784
-1898
-900
-2057
3588
-6807
-5817
2240
-1942
1039
8534
5778
-1102
268
-305
267
330
542
4006
1749
-2186
-3628
2132
-5452
3908
3319
-510
-1822
-93
-543
1572
3859
304
-250
2011
-1436
8242
-6104
3563
229
5354
119
3119
-997
171
438
-688
4736
-3900
2684
-1079
-1750
4104
-599
-438
-1037
-4886
8779
-3575
-9606
1492
-144
361
-6846
-3504
1572
-243
-240
-348
1807
-723
2425
-4891
-8096
4743
-3889
540
-1022
-502
29
-68
1919
1543
600
-328
-2429
2613
-1010
2435
990
1784
-70
-2697
3409
5040
632
-24
-5386
900
1439
557
-2489
4397
2699
-33
-610
3458
4648
5589
3397
-284
-3117
-1716
-1361
3887
1896
-1074
4404
-1435
-3106
-538
446
527
-1603
-4935
-593
1869
1314
-152
861
99
0
-5623
1402
-423
2014
2356
1455
-380
-651
-727
-3527
-564
1690
6918
-1350
-4872
1122
-1877
730
409
-3293
-3760
-2429
6159
1691
3384
-1394
-2137
1952
2431
4902
4631
-2845
-3135
2399
923
305
-4245
-814
-276
66
-1733
-30
773
-276
-3401
-4905
-418
-511
862
-3003
-5477
1598
351
-5029
-4932
-105
-2865
-1390
7153
869
1534
-232
-23
757
-7195
-5550
-7130
1304
-6058
5687
3345
-4559
-590
-8664
-2835
-3964
-650
1933
4523
2777
2057
-3677
964
-392
3068
5564
3462
-996
-2079
5484
-3068
-2377
5645
-520
5374
-117
3199
-54
1906
2689
3903
-850
1618
-1194
1731
-496
-514
3871
-1636
-2991
-2328
8819
2977
-626
8072
-523
-498
4319
1783
-4083
7024
3359
-1120
4149
-264
-216
-514
118
-594
1886
-1356
-2969
1337
1862
-720
810
-1053
3896
3574
680
222
-1192
4639
-752
-717
5344
2018
-4202
9517
50
2430
-1825
1180
1645
1347
-3864
1756
1041
6028
-8192
8002
-3593
-98
970
2984
154
36
3285
-8665
2616
83
-4090
-3181
258
1757
-3252
-5519
4383
-4209
5301
45
-4027
171
-2721
-575
3561
-1056
-574
-2700
-290
752
4638
-3779
737
5154
-7586
-4544
-898
1448
-123
-237
2924
361
-268
5410
-173
-5129
1234
-1115
-3155
198
-310
36
1940
-495
-169
-2170
6211
1473
-1683
2897
5563
-378
-10
2737
-1232
1668
2339
-28
813
-2798
542
2650
661
987
-1985
890
158
-5340
522
2804
339
1150
2847
9445
1071
-1900
-677
3711
-367
-6898
-3052
8225
-415
-2779
4344
8471
-5957
5343
-2610
-1094
-1165
-158
56
2465
5211
-6530
-183
3116
125
4774
2817
-849
557
-5224
-1427
-5741
-3392
-2232
-3059
361
2581
785
-1333
-3144
-7472
-1822
4974
720
-690
-158
2411
-4073
5578
-809
-5751
623
-1893
3918
115
-862
-653
3114
1718
743
-1884
831
-894
-386
-6485
440
-79
-386
1070
-429
553
-8130
-3592
909
-27
-17
-5266
-6256
-7485
3140
-3174
7397
87
-3105
413
3594
1230
-395
-29
896
6487
3580
532
6439
320
-85
-1747
-7965
2649
-4154
2877
-1047
4278
4159
334
-3257
-2479
884
-4026
-1138
216
-502
4291
-5364
-6120
1866
919
-324
-104
-5874
3849
-3789
-1611
-74
7519
2364
-2049
-128
-654
-1302
1364
-1749
