1129
6611
3824
-213
141
-2717
-3428
-3320
2752
-4908
624
-2165
-857
-3716
-1495
-1199
2097
3992
-4227
2992
-1002
-4801
-2712
-2023
470
3382
1251
-1986
-448
-5273
-329
-4550
65
1319
129
1679
1814
-872
-2987
-1731
-3745
57
-4641
-3925
4368
1733
46
1349
4321
-3410
-1124
1761
43
-4573
-214
-2915
5587
-421
1850
1027
1086
-4999
-1067
491
144
2430
-689
-5930
1505
4570
1736
1060
-287
-590
663
6401
-5498
2955
-4472
2969
-3617
-31
7883
471
1146
2489
8192
7613
-2005
-6509
506
-1862
215
1313
-1644
-161
1172
-1190
2961
-592
-2795
642
-6166
925
-8006
1220
3245
-3
-518
-495
-361
-5366
-600
-639
544
470
-1582
2553
-4387
3550
4210
-1747
-2656
5960
5559
-1772
2435
1022
2353
9272
509
-5477
1435
2
-4215
-387
484
2429
4616
316
2284
6075
958
1249
838
4443
-2935
776
458
-3984
4880
2356
318
809
249
1896
3478
362
1049
-3566
3860
-4717
-1279
9360
4912
4026
605
1361
2146
-1482
173
-7316
2447
-3472
808
0
-3760
4192
-657
74
-114
5910
-6243
-1861
1470
-1040
406
-1516
1416
-1612
4320
1706
248
821
822
890
491
4557
-302
184
-2183
2124
101
-6116
-4184
-1700
358
172
-921
3883
1472
-4754
-3848
2717
-3735
1713
2563
761
-3203
-313
1111
-274
32
1499
-922
5238
2549
632
-618
186
-1404
1779
-548
2297
-5923
-1403
-7358
-171
-548
1756
-2186
-2491
1503
1962
1394
-3588
-1422
103
-177
-435
2429
1002
1832
5760
-2068
-771
-89
3355
-117
3332
-1175
8752
-5476
-1724
-244
-4481
-4343
-1262
1247
-352
-5434
5466
-2743
619
2829
-6697
234
-4605
288
2141
5431
116
-23
-5436
-3632
62
-6461
-4164
-4136
-4789
1875
-181
1795
-1196
-2421
2695
1123
-1383
-6800
-1444
-5798
478
-526
-4560
2795
1300
-607
-1388
-1327
3114
853
3226
-5311
-2434
-4189
3833
103
-167
1224
685
197
3985
-1752
-4958
1634
926
-2022
-29
3742
1724
7895
1961
-941
-157
2357
600
695
1103
4426
-4250
8
6898
-3874
-2129
2426
4489
-2424
1224
-4243
2457
-1211
-762
3597
17
-1493
-2673
687
-2359
1729
-90
622
3839
-6973
7338
1533
-246
854
1651
5263
-1958
-4048
-2408
4746
1134
4256
-444
-6532
-1192
-6646
-75
181
-3810
-3341
3066
-1162
-2741
888
330
-1096
-513
-5419
-6653
595
-3429
1335
2672
2604
2213
-350
893
4595
2579
1301
394
1179
-22
-4638
-5452
97
1718
223
9602
7622
-2111
2797
-1147
-1755
1140
-285
95
2742
27
-1827
-309
4052
4295
-999
-1145
-4391
-1298
4194
-5123
-1331
-3396
-1625
2819
-4491
-3275
35
4504
-3228
-3057
5114
-1140
-1973
2576
-553
-1203
5499
-6292
1903
5725
-530
-174
1871
500
-3087
0
2071
6093
-1568
-3354
1985
2328
2404
3835
3595
-630
551
-5540
131
-2046
-5521
-2448
-2537
2849
1020
219
-2607
2528
-1015
314
-7764
2334
948
-864
-29
8671
7634
739
473
5456
-370
-1581
4458
6416
1911
8736
-1370
1211
224
-84
-8305
299
2281
1639
-7569
827
-72
1675
3125
496
-203
-5337
2364
2917
-171
-60
-2046
1749
745
4155
-939
24
4050
-7954
2681
854
2057
-2093
-5655
-1049
24
-3875
-4014
-4370
258
-277
-204
-1178
-3671
-2743
6881
-2691
771
6983
2398
348
8939
-7045
628
-1493
-3402
3098
9502
-6634
214
3946
-34
5307
2136
-573
-1645
-3092
-132
1372
1148
576
8392
-1882
-4930
-2
-627
-1836
1255
-160
-6048
6154
-524
-1024
3708
-949
3501
1043
2652
-978
4518
695
2894
-3119
-1202
-2932
-1339
-2419
-751
-7340
1640
4367
-111
224
-129
-1444
-557
2560
1678
372
205
3633
1865
-666
1893
-870
-7959
-5450
1156
-875
4767
-356
2481
-7147
-774
3290
-1975
2224
-3389
1382
-5784
1331
490
2555
564
2227
1568
183
-99
-342
-1512
3149
-869
-105
-2078
2874
-1035
1109
-658
-6157
-6074
1355
-193
1940
1973
-1549
-1825
361
-794
-6442
-3646
3331
2436
180
375
-4644
1688
2324
-2984
-4034
1577
-57
-8779
5402
-4342
-6041
6308
712
-1756
772
-4602
-931
4007
9498
86
-2585
-4821
-251
3529
8449
-6513
-4912
2578
2457
-6167
-2852
3652
2939
2774
-3404
-5290
1639
-4088
4363
-5610
-255
-956
3840
-523
-4223
-8564
4659
8224
-3746
861
-1716
555
-3008
-376
-4531
1412
200
1845
326
72
4051
-4924
5400
-1918
3516
1595
-2365
-298
-1346
-4168
-3345
-80
3163
-3887
-4440
-1490
-3586
-6922
-1655
181
-2078
649
2522
-6581
-370
-959
4158
457
-617
1154
-1177
-4317
-1623
3590
-3977
-675
-4632
-762
-1141
-464
-725
3697
1174
428
431
479
-190
-3800
5810
485
5175
-565
-19
-3306
-5275
7658
652
2325
858
546
-909
22
-863
-1492
-2099
-2012
-1250
6924
1870
1644
-3754
-6072
387
6603
-284
1564
110
6539
-1236
-6706
-92
-880
-5318
-2
53
2214
4583
-768
-7497
15
474
-134
-1453
268
-2372
-5085
-1643
3317
8548
1825
836
-179
-1655
2465
-410
-5567
-5039
757
-1884
-458
469
6882
-1328
-6698
-3174
-1006
888
-5409
5731
-1910
-6899
-2192
843
-4437
-30
-3791
863
-3294
3122
3482
2653
316
1286
268
-636
3667
-5710
206
4416
125
3418
251
2191
1625
4903
1155
73
-218
-2929
3492
2077
-6289
-931
3223
782
1960
-1226
2524
-8252
5992
-7416
883
116
-1712
-798
-9
-163
248
3317
1565
480
-2485
-493
3699
-2702
163
-914
2485
-6637
7927
-1556
-1360
2055
-3224
3630
4267
4587
2440
5762
796
-1890
6059
476
-272
-2626
-456
-4664
295
-2553
-652
207
3425
-5322
-59
-6362
-2497
-2387
6532
913
5840
4507
3554
1459
-7167
-972
1273
-2047
-5973
2468
-1676
9123
1427
1135
-2358
2847
-3363
-8700
355
1532
-670
-1507
4421
1993
6206
-5198
1978
-805
-2929
110
2993
151
-4491
-6666
21
-8836
2438
-1843
482
-933
1420
-569
-1997
3510
5386
-9608
953
395
-2183
-1861
5227
-4939
-890
508
3838
710
2389
261
1595
-5755
33
3062
421
80
-1418
2055
-1246
173
1139
-367
170
-52
4810
631
188
-27
-4988
1524
-6472
8434
-3469
-3336
-7024
-3064
-4462
653
2721
37
-582
-5463
-2421
1049
6364
1228
2322
-1019
7113
-6445
-3437
-2391
129
-1569
-1617
-4930
-3561
387
1666
-173
120
-2531
-1248
1802
-858
-94
-3272
-2060
642
-1773
4920
333
3355
2879
-8097
1697
1049
5847
-666
2963
1692
-5667
-765
-1263
2228
3626
744
-885
987
2369
-904
-2442
7238
-626
-816
4785
-1549
82
-2800
5748
-39
-1551
3890
-1750
-2872
-6454
-4314
-2676
578
-2078
-3771
1355
-294
4102
1560
2869
-4095
310
3798
3231
810
3109
-1181
-6161
-1494
-1506
1866
-3787
-5798
-4047
37
-2088
6972
3011
521
-635
2614
63
1219
3543
-2091
165
331
1358
3405
-1038
-546
4649
1205
-123
2487
-5805
-6095
1826
-3115
1124
-6305
2818
3673
2965
-550
-487
-5150
46
7460
-3606
376
5524
-6462
-2000
1448
-5805
-649
5580
1492
-351
4827
-927
3382
-2910
-6244
2947
-5667
132
899
1406
-5389
824
5562
-1139
6074
2661
1485
5017
1586
-524
-829
3335
4672
4243
-1204
-1897
1642
2507
-6065
1673
-6848
1625
-8807
-1125
-1777
-46
2782
2479
-811
-3679
-996
1581
-4227
-2683
-46
-126
2962
-4132
3239
3254
-2732
-3607
-871
3281
1826
-2149
8648
1620
-4023
-251
-2232
6705
39
-600
-110
-4936
-1816
3323
-3437
-3364
3053
152
-964
-485
-976
1942
-536
-1184
-4120
6731
4413
2199
-1490
2127
1556
3504
991
716
-580
-1725
-567
-2867
4616
-927
-1382
-1909
5654
7419
7398
2997
-7843
-3922
2639
1675
-230
-144
-3399
-2660
-505
-1245
-6069
7246
64
-1177
-173
911
491
2679
4071
4896
-95
1097
-3186
-662
-1392
2313
-3056
-4697
530
-1467
-3310
46
-1408
-2470
-867
528
-964
-119
2681
-2185
2076
-1596
2068
210
-1912
3552
914
4739
-2460
-373
3720
110
3427
103
-749
3586
960
2482
-2265
-5165
-2606
4280
843
72
-4525
-1714
1321
7819
-526
179
-6082
-1510
-174
519
-4504
5745
-178
-152
872
-261
324
2311
3209
1925
2504
2414
-2055
7664
254
1443
-2453
-2432
-1700
787
-6776
1336
-112
6044
102
-4808
52
-459
-1341
5760
-3147
-899
-4719
-2264
-4675
-353
4067
2871
5202
-3777
3773
-4157
2465
-5370
2463
4643
-5522
-2984
562
-37
-3919
-1095
-3474
-251
363
680
1150
9
7891
7
1671
-529
155
-85
-362
-819
-1956
510
3129
2572
-2548
-1497
1167
743
-484
1777
2307
-1337
3856
5991
656
157
-3077
3325
-4949
7756
1904
-511
2638
5285
-363
4239
-4031
-1867
-660
-2523
190
1799
247
-5505
-3586
-5267
9241
43
-1158
-401
4614
-1944
1394
-154
-474
2913
2440
-4786
1246
111
3973
-17
22
3764
-3
-1622
-107
1659
1832
-1003
3239
2201
1624
-3892
-4946
540
-7746
-93
752
3353
-386
4013
2159
-430
1169
-78
879
-264
1120
-2305
7295
-209
-3092
2969
856
-7000
2578
1397
17
421
5793
5172
-1591
-369
-4685
-472
-1319
-614
7066
-5209
122
-310
2479
-409
-3965
-2061
40
-84
782
5182
-1900
-3237
-163
303
558
1872
-354
4476
6518
622
-4601
1382
109
-721
3377
-1670
-115
4426
-2
-1675
-2199
-1353
-2760
1898
1744
894
3163
4857
-1533
-315
-857
154
151
865
-4232
-5558
-1291
343
68
-6892
-126
-256
-1851
-2772
6
-48
233
-753
2964
-75
-2281
2607
-208
985
2147
4093
-898
-5288
-615
-1698
257
-782
-149
2
-381
-732
1542
-2188
3874
6763
140
2828
-3635
-6977
1382
3583
-388
-2649
6063
4861
-220
4677
-957
-129
-3256
1470
-313
444
-23
-2588
1078
3536
4369
-1076
-6787
1087
374
5577
3374
-3055
-528
682
-3953
-7168
1811
556
-338
-966
-171
-1732
266
-1667
6246
-3051
6388
4510
2395
4027
-2015
879
2771
-7410
-1282
-6942
563
5633
-5938
7498
7111
-61
222
-35
4217
320
-2070
1366
885
-577
5564
3552
-2203
-203
569
1588
2791
4065
-3042
3535
1595
-5802
890
8310
72
1498
-1451
-1946
4081
3751
-54
-191
241
-2739
-1529
1744
3075
-5409
-1483
530
3691
1511
1720
-1466
864
8363
-1200
-6362
-663
-2617
-3727
-5771
2346
-2189
5353
-1051
2851
6311
2028
-1424
-60
-290
-2344
-343
5655
-343
4867
-68
-308
-5699
-151
-4256
-411
449
250
-370
-301
5722
1204
495
-2052
-5404
-3200
816
1996
-4352
726
-2233
10
706
-7823
299
352
1489
750
-1066
1725
-44
1090
-1678
-7599
-544
-1949
96
-1095
5343
-3183
-6581
-600
1069
-554
-403
-5880
4903
-4006
3697
-1075
-7777
-1460
-1250
132
167
-3151
-4566
1879
115
-282
2594
-119
-1036
6413
-134
2918
180
936
263
1831
-3923
-1679
-1205
28
1903
183
880
1465
-429
996
23
107
-6667
-4645
2790
5049
862
-1777
-215
719
16
4043
-1851
5374
802
2070
453
-2657
4831
890
-1135
-1931
-5476
-973
-5951
1492
5821
1892
261
947
-5830
5253
1479
-5165
4831
-423
1763
698
-149
-3812
-1439
-4917
-683
-565
6747
2348
-3047
-1520
1003
-3006
-307
656
-5722
-54
891
3447
-2218
-5273
3259
606
-7005
-1139
-7150
-766
198
-1374
5605
-253
3045
-154
318
-2747
36
2128
-1781
-6275
758
566
-92
-6543
329
-3733
-228
166
-4946
4322
-2136
3866
678
-72
4312
-2838
-3328
3141
-2520
330
2217
-1159
-4702
451
2137
463
-43
6661
3816
-947
6825
-197
-1169
4066
-7099
2826
34
-1411
-359
1872
-777
2201
368
-7145
-1157
481
-190
1136
-954
-3636
-850
4250
-8403
-764
-1222
411
1530
-1374
2970
-569
849
6222
-1198
797
3673
-2496
99
-6743
3517
-4574
-5744
-3936
-1875
2018
2133
3741
3602
-5730
2785
1499
1507
1201
5113
-848
-2623
5746
3548
-932
-7409
8937
234
-1222
-49
-296
683
116
-335
-4570
560
4540
-1112
-2107
794
-881
-415
-2119
-1446
1939
-220
6371
-4064
1727
5600
4485
-395
2594
6648
1575
3647
-1824
5280
1470
7396
-5997
-1814
-2057
30
4262
4226
277
2808
-6263
5462
-753
-1507
484
7346
-980
1957
3
3597
-2298
-22
2239
2964
-6520
1218
1811
1
59
-6211
-1661
598
1081
4981
1653
1780
3363
423
558
1914
-6527
309
1676
-3452
-2074
84
2159
-477
1871
-547
-1299
668
-2224
3186
700
-5840
-961
-2255
301
2884
-6595
-2959
-34
1622
8757
-3771
2366
2263
2117
-1534
-383
-238
809
2148
-2835
-3280
1196
8112
-15
2955
-4243
1937
2143
-614
3233
-2858
-8
3294
-335
-1171
2229
-785
-2018
850
5574
192
-7159
248
-236
-1596
-4263
-2417
-4514
2117
91
-5874
-2662
280
-2558
540
1628
799
-11
7641
3138
-3
3830
3840
1138
-2816
1911
1884
3047
-1183
1035
-3574
-1361
176
6621
819
332
329
-817
371
-3511
-7016
1468
8392
-1548
1968
3585
-1122
1548
942
281
3477
2537
3583
-456
2272
-4750
-3851
-1084
-2075
-2472
3382
-2459
-1463
1424
1279
399
2325
-663
-1361
-1078
-5960
5497
-4744
-590
-854
-1181
-1126
2507
-655
2113
3928
7945
-8312
3635
4298
1742
-1755
3828
5843
4704
-5870
-543
859
-3614
-3189
3651
-634
-1048
4118
-910
-1886
7387
-1258
3090
310
-24
-573
-7497
881
-2257
-2983
385
-1738
65
-1300
354
-3717
4477
-1475
-2970
659
486
223
1514
305
3891
201
-3
259
-169
6341
-2338
-1096
535
-145
-4307
182
1872
7381
-883
4338
-5725
1334
284
-1503
-452
-1513
4941
-745
-1259
588
-8803
3783
-1021
-2506
-2208
2088
-596
-294
-229
-628
5444
4289
906
635
2116
-2423
258
-8331
-2049
-178
1829
-330
-443
253
-2890
-638
-3170
-2035
-238
-4395
-2603
-370
-7445
-7029
-2705
-1528
-525
-1341
-533
-1548
-1025
-3862
2860
1606
670
-4829
3373
-1498
2708
6701
-4148
27
1929
-1553
-1246
1378
-390
432
-2613
-7503
-1309
-4321
-1393
-1850
-1619
6691
-2536
912
5232
-3874
-1711
-966
2554
135
1342
-1345
1227
-2634
1307
-1063
-1699
-576
1446
-245
172
-3905
3283
-1355
-1164
809
-4341
387
6422
-413
-5032
4382
361
-3981
-129
-236
-3006
1285
-4379
-920
5212
1143
-4292
603
-4356
-988
-1873
-4111
-69
-1827
-2118
5247
537
6988
-889
342
5663
-1082
-210
4641
2352
3044
3315
4201
-6033
-319
-226
-689
3958
-4097
-2918
-911
164
235
4707
-103
709
3280
7392
-1840
3021
-2006
503
-2147
-824
-140
62
6038
-116
127
-931
2738
-2618
-9487
-3559
-2158
-990
-1476
-3102
-499
1742
-2868
17
-4910
-1104
-3537
1912
192
-3048
87
-2727
-321
-4058
-1580
-79
5752
-4408
-4624
-116
2930
9107
-1815
7261
-6306
-4941
-7145
7354
5955
-686
-8129
135
-50
-6654
7757
-2882
-1088
-628
-71
-6422
-5334
-6450
4369
3251
3859
-26
-1161
-6449
2358
2320
5256
-3034
-2616
-6176
-6331
961
159
342
2376
-8781
-6315
-751
480
5967
3948
3347
-742
2957
4113
5108
-3399
-5280
1125
2200
-3843
1923
548
1998
-1314
-1073
323
737
-1501
-433
5810
-357
-380
-7213
1388
-6297
2057
-4299
-400
8452
2224
-2719
2985
1976
-562
1082
-110
-1559
4223
303
3531
919
-2143
4172
-495
13
-190
-1597
7123
3779
-2549
4156
-4215
840
-7343
-2918
-2835
-2938
-1068
-245
4661
755
-3593
660
719
3773
-146
35
3281
-395
-5670
-1525
-4815
-5715
-2821
1393
-3155
6036
-813
52
6927
1035
54
-1558
4805
-70
3192
1422
2409
-1295
-1325
3211
2392
-6598
2366
-2062
834
-1091
-2813
-6037
798
5010
-817
5101
4079
-6015
-73
372
529
2881
-1560
-1251
3301
4559
970
336
-1258
-3907
627
2546
-8766
153
-2685
2152
1538
-294
853
-782
-1369
-496
5646
-411
-1898
1075
-610
-1539
1278
-5363
4697
-2606
3554
8582
2830
4014
-1203
-6028
-1232
4122
3047
-3605
-5416
-1223
2726
-450
1802
3111
-2086
641
-1577
1456
-2083
-3822
275
1258
7106
-3989
148
3286
-14
1986
-130
-1045
-2007
-6415
2652
-827
-212
3774
-4117
-1605
-1034
574
-512
466
112
-528
-1480
-558
-2778
777
512
-71
1821
-325
644
863
2324
-2238
-137
2141
171
-46
-3716
2604
227
-5497
4957
-81
-1206
1263
5088
1247
-814
-2322
-2935
-2355
-2086
127
-3094
-5380
-3461
-4495
-449
-350
1313
-3904
1916
-3854
1298
-243
-6576
99
-34
154
5310
7419
-2013
-2113
-1163
182
6405
-5641
4942
2681
5317
-58
250
612
-691
-200
2849
-1042
257
-310
6497
6914
-9200
-3481
485
353
4859
-2823
-2266
4723
1370
-474
163
-6655
510
-661
946
-700
2229
3153
3388
54
5019
1335
254
2860
-5003
-1578
-5871
4095
1429
5589
-2703
-2444
3080
177
-1374
-1188
2854
-1115
3838
-447
-5335
6378
-1018
3492
339
1693
5
6149
239
454
-3391
-1534
1399
-1764
7195
142
5878
3011
-2234
-2289
2185
-3906
3867
-3782
-2761
-612
-1651
176
-225
203
181
-499
4263
1641
50
3570
-6521
331
2826
2306
5862
-270
-3170
-50
-2009
-1452
2241
1093
1634
2726
-149
733
2489
-1248
463
6487
6788
1314
-3973
-140
-5639
7383
-2126
-803
2664
3997
-251
-1135
1183
-1615
-3148
16
590
-1266
3866
1036
-2433
344
-1346
-727
1260
2971
8365
-1055
-44
-1
2358
3670
-1843
-1344
-874
813
3367
1310
7989
1740
-65
3720
3287
2085
1142
111
576
-2176
110
-1282
-7528
4722
-7112
1297
-2247
-2601
-2506
1891
-62
4242
-21
-667
4140
3627
2517
6486
-6913
2677
-5240
-218
-186
-326
4205
-863
5435
305
-483
1411
-3221
1395
2992
-1725
-689
-170
-3506
3271
2377
-236
117
798
-951
2532
-5074
3109
-4483
-2274
-2754
-1158
-5518
-1618
2978
3272
62
1053
-2138
-7586
553
3185
234
-1122
3562
-2534
1945
-1600
1117
8809
4119
-3345
-454
-3904
-1136
318
15
-8472
-3493
4781
1153
-141
3081
3789
-748
-201
-1571
3302
3165
486
356
6954
-2819
5913
-2080
3842
746
-2156
4508
4054
-5534
3849
2903
2464
-911
1258
2146
-2069
4920
413
-4821
-4654
-1890
-2050
-3156
478
5181
-9235
3928
1344
-3551
2290
-2362
-2845
-728
2709
3148
-3263
-6440
-1020
-1677
1233
-1192
3124
2672
-2761
-592
7498
-8697
2161
-91
2617
-1101
-268
6477
2942
219
6356
-5245
7097
1158
-3923
-1631
-5235
-2375
1201
5895
-550
-4731
-1461
-1612
-2682
-3932
4048
4202
-1110
-2099
1580
-3363
37
591
6518
4168
1355
1748
-1530
-6838
-726
1793
-7819
-148
-8619
-805
3091
321
3305
3041
602
36
4546
-7039
-281
480
1691
-6446
-2046
5964
2698
-7004
7886
-8854
1815
1951
1538
-439
6535
3262
-6932
537
3581
-472
269
5804
5682
24
-1354
-4595
-1860
3917
-2439
-833
2188
3004
7030
266
497
832
-1363
1145
-54
-5689
-301
950
-8168
-4462
48
-65
2445
196
-2536
-4296
-1451
593
7634
-1179
-978
1166
933
3812
-3015
1985
1930
-991
-2280
2591
-964
5705
-1410
-117
486
97
5639
2000
3543
-4958
-5042
507
3607
2755
914
3723
1617
-318
-4025
-2891
3135
988
2989
-2303
4273
572
-744
-5284
4176
-6966
-6571
3902
4069
1051
-7036
-7129
-2497
-9477
-1046
-174
-1939
499
-4520
5530
-1146
304
3614
14
-2386
-1930
-278
-8
-2599
39
-3104
55
-2166
-6705
-6589
-2959
426
1173
1113
948
-4990
2503
7401
989
-131
3699
4787
-4697
3187
217
-3844
1463
-1854
-3692
3830
-1078
-7000
2821
-1216
4589
232
527
1271
-332
1706
1546
39
29
-2344
-883
1600
-119
5160
-3653
-769
4482
7135
-577
2254
-163
-7055
2788
3535
486
4856
-626
1033
-1861
-6724
2751
1038
-262
-1158
-109
-3822
3013
1456
4977
689
2225
-3641
2118
-1853
1186
-3412
-5426
444
629
1343
8136
-3411
676
5566
-1374
177
2117
764
1237
5558
-7862
-251
5332
2472
-2165
-1348
2263
-465
892
-445
-4425
-1727
3246
-2294
225
-2036
1930
2958
3081
598
-2569
-6597
-4681
596
6489
-1754
-504
305
-540
-308
-2007
6499
-776
1227
-227
3175
1892
-621
-759
2291
-3640
5873
-4997
-444
-3856
-3921
-828
962
-962
-178
890
1349
4973
-1314
2104
340
3990
1379
343
-4501
49
141
-1235
-9
0
140
-4997
-103
7368
6764
2809
5640
924
-4890
-2123
-2037
125
-4655
3047
-728
-2561
-4652
-2140
-1528
1671
5813
238
-108
-3000
-1925
-5245
-5851
-2643
4357
-326
2896
-7039
135
-859
898
37
1018
-1212
555
-3381
41
5170
1890
654
861
2934
515
-4073
1026
7603
276
-1209
3534
2893
7038
2428
546
5482
2661
850
-177
519
7443
-1648
-765
-861
-3301
7272
1371
-1690
386
1146
-5751
-5037
-1126
-890
1329
3059
78
-1594
-2954
-1795
1188
-370
-2191
-3160
-212
-3
5151
1433
-5929
-5453
867
2943
-290
218
-1957
-491
-9437
79
-1619
283
-523
-3920
755
-1808
7554
-5896
-9369
3338
3914
-2614
9686
2004
4485
-118
-2425
710
-721
2384
377
73
-1553
1585
-1856
-685
-2636
2140
-4990
-2934
981
4377
1135
-4811
1031
-29
-542
-1128
-1355
1859
1038
1526
-1420
1451
109
-3196
-101
-5811
-1275
-1185
-733
2483
302
2845
-3341
5913
3749
3757
1
-1960
-605
190
-2208
1571
-1154
-3354
-349
2067
1095
6185
-2913
-137
-2061
-4340
3959
4295
-2434
-3020
2767
-158
1905
-4727
-1304
3806
-1078
-1036
1516
139
883
-342
-4715
-3025
-565
-1541
5736
5836
-2763
1298
6651
43
-5566
-5747
-869
910
3459
1681
1047
3664
-1498
4304
99
2989
-8135
5549
-841
-542
906
3333
1340
5186
1979
-1382
-1823
-386
-498
446
-3104
361
-580
2141
-3011
-4033
-2424
-1239
-1316
-4779
3863
4063
7065
-1390
585
1017
1626
199
3635
-2017
-4980
911
-4944
1657
-2572
-1417
4818
-2859
-8178
1012
1742
1036
-347
4374
-2889
-2343
4552
5988
6569
-3714
-2689
-990
878
6540
1528
395
-3386
-3809
-3405
1556
-1808
-618
-4357
-2791
2591
1822
-115
-7930
61
-7156
440
2941
758
-25
-3375
-3767
-5939
-3780
-7455
-1750
592
-3415
-3247
-169
3883
-1262
478
-3350
7603
4190
-5676
4777
-3035
4011
-6289
1659
-3168
155
-2282
4195
843
144
-1468
4072
-1213
-3287
3533
-2893
5157
29
1702
-2867
2951
-2097
-407
714
2640
-6755
-3472
7231
4032
657
-6298
2122
15
478
2292
-307
-1196
-7748
-862
198
3123
954
839
3262
-501
-574
-5095
-1221
3445
-4877
-31
30
7737
-3496
3971
-460
2207
-1000
-4832
-3686
-1211
350
949
2234
-1659
7756
-231
1112
-948
-846
-919
290
681
-1391
-5455
-4327
3587
-3127
3042
-914
1483
891
174
-2307
-2966
3585
-376
4521
4285
1380
-7925
4779
2410
-2283
-6840
-1214
-2002
1425
-2769
1080
-7073
-401
526
2017
304
644
3838
1090
1023
-187
3436
5653
2093
432
-27
5803
582
-1770
-2045
-5453
3795
-449
1701
394
-3628
-1520
-234
65
40
977
671
753
3107
5407
-1204
8062
-234
3335
-1747
4009
-9152
886
188
88
380
969
4815
-5145
-2397
-2218
-3579
-6655
1417
2682
4404
3779
-1252
3327
-1414
1076
1430
-601
3202
1383
5627
21
-3768
-72
-6238
4736
-2141
1320
3375
4609
-582
2050
312
978
-355
540
-2431
-1264
-1403
6910
-558
2201
-4415
1576
3906
3109
764
1843
2334
4123
90
161
-5816
5223
-1738
-196
-2874
353
-1136
658
2644
7
81
446
1965
19
-623
1852
4347
454
144
3818
1466
-20
-6548
794
1760
-5884
842
517
-2421
2024
-2047
-2980
393
-3144
43
19
-68
-2035
2313
-5276
3584
-1
338
-6789
2790
-4662
-406
-2887
-1239
391
-3734
1037
-5744
-2363
-1847
-216
4147
463
-1992
3002
-6783
5118
-2023
4631
6343
0
2513
1209
-645
-1130
-1571
-909
-1214
-457
-819
-295
116
336
-560
554
2613
465
-545
-308
-6857
-5207
-3088
6984
6739
2407
-3381
-1065
-3556
-2414
-7962
-3191
-1816
-6600
-79
-1800
2804
47
-2945
-167
275
-319
-2719
4140
-1583
-1937
2101
-3062
369
-525
-2921
6235
5063
-1401
72
1171
-2912
-1555
-1744
370
-3696
6470
-6157
-9167
8035
1076
-572
-1271
-978
681
3319
-3395
-960
-5823
371
2826
-23
3365
-9303
4322
-1570
-3039
2896
-556
-161
7102
45
832
-3041
828
2948
3661
-25
299
785
-7951
-77
-1880
-4402
-4053
-3293
4366
490
-112
927
3976
-6990
-2949
3986
-1958
-255
-5063
3135
-2194
-1528
-5840
630
6825
2491
-7139
483
2960
851
1345
5662
-1366
-185
-4231
5280
-2601
-7738
-370
3967
-1332
6597
3319
-3986
-1631
6308
-2555
248
-6585
-1569
-5817
-35
-1183
3274
-852
-500
-9
-1
1099
1828
-5755
-3282
1967
16
-5732
-1515
1538
5031
6420
-2578
-6372
2904
5884
1560
620
228
-4872
219
-1495
-1977
3681
2077
7428
-2703
3977
-2736
4990
-1995
-61
8202
13
-1651
-2651
-919
3502
899
3039
733
1991
-40
5299
-2000
1159
-5786
2811
204
-104
1562
868
3382
526
2291
-1014
-668
-3142
-2165
-3954
7372
-198
776
1290
-1956
3368
9676
-3852
296
-6361
-929
-1107
-2725
-1175
5812
-86
-6909
674
-2442
309
932
3618
-4494
-5207
-5897
776
2031
-195
4446
-2117
225
4442
-4970
-7157
-72
2394
-6487
155
-871
-4776
1115
-613
-3767
1765
2310
-5346
117
-1175
-8
486
96
139
2655
464
-189
1539
253
-4748
-43
2960
-8393
-2589
-128
-4500
4064
1151
1429
304
384
6368
1823
-917
-993
-366
-485
3064
-132
-814
-53
319
2095
-5312
-6208
1959
-941
5231
2573
3054
854
-597
-2161
-7
-88
-331
-2335
747
-3990
-7897
5173
-517
-343
23
-341
-2400
-7
-3781
3412
-109
1461
688
8338
6067
213
2683
-5484
7618
1147
-3763
-8034
-680
6943
-2429
-435
-338
5027
-3015
-6376
-4712
5809
-2348
-268
-805
-2380
-181
-78
672
-1286
4275
532
5869
-114
5502
1455
-685
1211
121
6700
-1287
2671
-1895
-6688
-2664
116
1289
-138
-1056
2582
-1513
-58
423
-976
-2987
-395
7070
-2269
659
229
-133
2356
6552
-1600
492
1424
298
-751
3813
-5082
5544
168
-3737
147
-6306
1833
35
1088
19
1703
2341
2194
-1831
5360
-121
4255
-4115
-219
-1384
576
4606
-309
5795
-906
3464
7624
5746
6474
2914
806
-553
-103
-7351
2666
3613
3916
-958
-114
-1992
-2662
78
3924
384
-2637
1017
-955
-9035
-12
-2052
1980
1308
-1578
-2006
-3563
-586
-178
600
2364
-396
-178
2431
3448
-2521
2866
368
675
834
-1388
-1126
-4396
-9536
-136
194
1350
193
-2466
-6135
179
107
-60
1130
7296
2163
7703
4113
-2031
-1611
-83
790
499
447
4840
2680
4606
-2874
1268
-65
4588
-729
-2458
877
-866
-1044
-1793
1370
8478
-113
-22
-3941
-248
-1684
-1548
45
-2487
2398
51
1713
3664
-7538
-2589
-5572
-293
-970
-353
-25
554
688
1404
129
6724
-1713
-19
2
934
3351
-1580
7008
8765
208
1711
-215
-3005
-3008
-2884
-798
-3187
-452
11
274
-4464
-2360
-7907
-2605
311
-5105
-127
7453
3054
1715
2370
-6991
4892
39
5705
797
1394
3601
-757
-612
5927
-3723
-5271
155
-8528
3609
-3588
-1104
-883
3414
1259
-253
6173
1203
2362
-1357
-5252
-1298
-3958
-353
3937
459
990
-4069
15
8231
2825
-141
446
3859
1324
-7076
2392
1919
1
5621
685
-1788
1120
2751
-835
168
22
-1065
-3467
5818
6761
-638
0
-2753
-3333
-2259
-4434
2680
-3643
1235
-400
5476
-5247
3688
-3054
-1292
-7254
-2581
-1673
-6661
932
-2980
349
2717
2318
5986
322
-6840
6308
378
-4952
-8170
2206
-4119
1033
-4230
-2779
-8163
405
4083
220
-248
855
94
-2528
-890
5096
3245
-4814
-716
6932
561
2032
-3326
-4319
851
450
284
-74
-86
993
-2938
-974
-742
-1370
-508
-17
4782
-193
8171
-1902
-2524
1295
-5091
8090
1574
-4254
-733
-3494
524
108
-42
2482
-1724
-787
7435
-2755
-651
3408
7039
-7585
-3283
2864
-135
-4013
-5421
-4405
-563
1913
7924
6885
-595
8557
2389
2263
4528
4092
1933
561
1058
-2471
-635
2210
7006
-4115
3127
-4093
903
7331
-3932
-289
266
1090
2627
-2063
5628
-3710
-754
916
7958
-2158
-2254
2798
1844
4724
240
-1716
2452
-2587
-2225
-1898
-445
-2263
-5541
-2302
2518
-1807
-3137
-201
1112
-6377
-431
-4153
-3200
1568
3099
2874
2039
-1115
-774
-935
-2856
3956
4067
6769
-4
-1818
8649
1388
-4102
-6520
-564
1723
3105
1265
-6930
1592
220
-2337
1913
560
141
-6278
-3631
2053
-2201
-2900
3454
1038
4308
-4989
1096
-681
8
-2045
2772
696
9225
-176
1563
-8783
-1414
-4819
2766
-562
244
23
-3561
3851
2231
-988
-69
-9209
-555
-1040
-1449
4270
422
-3855
755
80
-1200
-596
-1884
3396
-291
-553
962
619
-1243
2346
3125
-150
-1627
3868
-7572
170
-2952
-312
-1425
166
7400
699
-55
-1636
2616
-2578
-247
-248
4343
6367
-1183
-4178
-1517
-3394
-5497
10
-65
-919
276
950
4160
183
3304
6904
-100
7623
1835
1905
-2405
2117
-263
3132
669
-2412
-6473
690
-471
-5093
-1075
149
795
-2438
688
-15
-656
-4082
-3717
2050
-1304
-5497
-6869
-223
-3525
1482
-3331
-2222
2071
-2294
-100
-4815
-2485
1347
-3037
1430
6
5173
-982
-3521
-4912
9
-5708
-3041
1976
-2835
3185
1131
167
218
75
973
-41
-2839
-2460
-755
-2884
4583
-1146
2449
2722
-2897
-101
998
1292
-2611
-4489
1061
1985
-1852
-208
23
4869
2790
-389
1972
-4533
5100
-277
648
4921
1369
-274
1297
38
-1976
-1713
-2412
-44
-6745
-5989
-2092
385
-256
-3423
-6384
171
744
885
-3303
-1023
-1547
1995
2953
3556
-546
-284
-2546
1556
-4986
-5630
2181
-1177
-2636
1284
636
1508
6409
3963
-4985
2977
5649
1646
-3071
-155
-1420
-934
-758
269
3680
-4763
0
-4044
-258
-357
228
3615
-6382
1527
8326
-1977
-1044
-2482
326
1159
579
908
663
1425
294
84
3003
-1908
-4502
565
-99
-3087
-1344
-4885
213
1230
-1971
-1363
4322
-67
-131
-3422
2324
865
-7273
-1577
-5996
3912
-114
4604
-8994
4371
-5193
1563
1513
1945
-6377
-615
-386
-4111
-4141
3842
-4812
2696
146
1815
-44
829
1057
-788
4302
-9293
4543
979
470
697
1918
3152
1558
3675
900
-7529
7546
698
-5006
2699
-295
-659
-970
2977
-3406
2092
112
5303
1835
5020
3745
-2088
1396
-1455
-1196
-60
-187
-5443
493
101
-4545
4087
54
76
6396
-233
-1296
4915
1257
-2892
236
1839
-1106
1092
-942
-6247
-6
-6040
-402
-2131
-484
-2421
-800
-2976
-4902
1301
1639
2493
-221
-5593
6708
-3876
2099
-2456
214
284
372
-374
-1583
2579
1382
-6531
4439
2008
-3772
4684
-1018
-1354
7510
-1275
790
1888
-1186
-4331
4745
-43
6835
-1701
-4519
-2186
-3956
-3701
-1663
5156
-4653
-6565
116
-2598
-8839
-370
7938
1835
-1487
-5336
-1808
-987
-1233
-4065
2377
-6688
-209
4284
-4034
1373
-1623
-6752
8263
1130
3781
-6481
-7924
6623
-6817
-1271
1578
3898
5507
61
-5633
-9250
5183
-5991
1239
-894
-7685
4610
956
-1754
1673
2316
-499
-241
-4927
-634
8637
-1983
491
-1981
-1481
-232
-2898
896
-263
1840
6053
-1994
3745
2978
1021
6917
-3979
-1389
-1022
3408
-5934
1127
-1982
2340
5967
-84
448
-485
-2391
-24
314
-6975
794
202
-1224
5030
2615
4327
1220
-68
346
1085
29
5052
344
-1600
-1585
-6808
-3310
5172
2135
1671
801
-905
-3169
-72
5767
172
1973
-5018
3813
-1757
1744
86
3274
-2976
-215
2920
-220
-1506
172
-299
-1380
-82
528
-1251
-5832
1538
793
-3819
2110
3584
-423
-2619
-1718
196
-3542
-389
-754
-3193
436
-726
-93
1895
-745
3141
-1358
2914
2237
320
7220
718
-6762
8103
-4375
-1018
-1838
-2955
1792
1942
-3126
4056
-3832
6027
-3855
-6078
-458
-517
-2054
3
-3128
-1651
3408
973
-147
-1921
971
-939
-551
896
424
1186
-95
-6004
1112
15
-77
-1617
-1333
1236
-246
-666
-1784
-4694
92
-863
1899
2472
334
6413
-4733
-436
1367
-1271
99
2846
-368
-752
920
234
-526
3609
3539
1271
-5007
-6374
-3512
4761
-4585
-2996
-951
1248
-915
1631
3455
267
-53
5052
-4181
-1538
6104
-1787
573
1639
386
-2729
5786
2928
-6411
1878
1808
789
-480
5369
-3093
-1877
-1065
4473
-3160
3914
3983
1391
3269
-5621
-305
6293
4034
-206
-998
-4642
-641
-6345
-93
1700
1214
536
-722
-861
-8806
38
7284
817
-8993
2828
581
3364
290
-154
-6121
232
-2810
8022
-1167
-472
2314
-5239
-5485
-1736
-3149
476
-1380
3244
831
-2139
2603
6148
4109
-6966
-578
1670
-119
2329
-130
-546
-5891
5142
-1203
-3186
2280
1391
0
5231
1100
-467
-687
2670
-1674
988
1994
-676
-1106
4878
-3411
1972
-1074
6439
2161
2510
-5983
-2397
5
-3482
-3247
-3839
-4359
310
4207
3766
3749
1729
6503
-1549
369
-2245
-1620
-1539
683
-150
8118
-5077
843
-4367
-611
5322
932
2987
1026
-2794
-6547
-93
5187
-493
4166
3000
-760
-665
6341
3416
-3290
783
-3454
-135
1258
-1788
5957
2312
-73
-470
-1708
-272
-2853
5466
6367
403
-3190
530
-6924
-3295
885
-97
705
-5182
7241
872
1584
-958
7452
752
1171
-136
-4921
-3379
6330
-557
-1644
608
-1677
-4679
-6627
5370
-4005
-1366
95
-1505
-2999
-93
-700
-4952
2095
557
-6079
-569
2713
-1031
390
-297
5568
632
-3873
756
2321
-258
-7828
4839
1210
-2434
4100
-1753
-234
84
814
2981
1995
-1603
-605
-1079
5821
-903
8222
4593
-117
-4291
-1177
336
-369
3502
-7027
7576
-1246
8807
-6465
-2289
-332
-1611
-290
-879
4368
-1158
615
-250
6963
257
5852
4747
1336
1967
-151
331
1012
-2258
4803
-4405
-93
2879
-260
-197
177
-3687
-2155
-543
-998
552
-26
149
-401
145
-1640
486
197
-728
-293
898
338
-1572
-1889
-984
2272
192
-878
1801
-5430
4614
-5019
2437
3544
744
-1041
-2230
2018
-713
-1972
1097
3119
-3181
5602
-86
-235
-2164
3640
-856
-3800
6706
-8421
624
3144
-3340
-1302
1115
-3292
-1178
3229
-5087
762
-2265
-2195
-4917
4759
63
-1532
-1434
5310
-2093
-2421
-1769
1362
836
-7771
-1588
-3580
1300
959
-729
2325
-17
-1787
4517
-4538
-3476
-714
-3167
-282
-996
-5588
5446
-1367
363
1493
2897
874
-3298
1129
5655
-2452
-5674
3856
-7292
3529
5329
1089
1836
-1227
-456
-2048
-1345
1929
-261
983
6548
-380
-458
2515
-8702
-4036
-1873
1524
-100
-705
-2005
112
5888
566
-39
931
-82
2853
-659
-813
-38
-319
524
-2454
3989
89
-11
-3617
-3506
6278
-795
1062
-2695
-3344
-1312
2955
7999
-3381
-3225
3849
-3404
-2845
1579
1311
3512
2668
-2744
-6730
-1834
1455
-6140
-3089
-327
-280
3462
-6836
1508
1394
2138
-2710
1081
-10
581
2
425
-509
-3230
573
1123
8709
3149
1803
5692
8866
37
-4088
619
-2935
-98
-552
11
36
3769
1444
918
373
-749
676
-1050
1261
-1588
5895
4800
-1608
1389
-1230
280
-8707
-91
-1238
5623
-1901
163
-429
-6854
51
4873
-237
18
5537
-2047
2415
-97
1658
3588
-3073
2133
-5364
3202
-925
2310
-3302
663
2827
-4824
-417
4607
-2525
-2603
4930
-5409
-1211
-2605
-273
924
-3812
-214
1782
-96
-2913
-4110
-4021
3568
-362
-637
-2998
-3918
-17
-7701
-2361
1613
125
1038
7332
-4561
-1219
-1539
1283
-2406
8733
-5490
-2135
-3758
-1411
-538
-3776
-4164
-1409
1188
7549
-1477
2102
2532
2774
-8
743
-3064
8448
-4246
64
1876
-2616
-259
43
-77
1426
6002
525
-886
-2127
19
8040
-6753
-1472
-358
5504
5589
-2367
-2210
2980
-4202
1673
7343
699
79
-281
1860
-2395
1311
1436
3478
1280
4556
-245
-4777
-240
-217
1822
-1344
593
652
-999
1973
1878
423
-274
216
-2653
-3225
534
40
3439
2472
-1390
-78
-4844
-2033
-1254
3342
-4856
69
2699
-7877
176
7220
6580
-4863
589
-7667
-6925
-2368
3230
-45
-21
-463
-4638
-8
-582
-1
3301
-8125
-66
-4217
2
-379
2071
-1956
-2397
5686
106
3112
1064
4380
-756
382
-800
1634
-325
5654
1051
5637
-8081
-349
-1526
4114
-621
6030
94
6610
-1081
-222
-3641
4118
2907
-2185
-5986
-3
1819
-1069
-4656
-510
-8175
497
-5841
6810
-3597
4338
5286
1977
91
-5245
-5152
-1526
-519
2454
-5145
-1777
-2318
472
-1694
-729
-4237
2768
-5020
3438
-471
-7254
32
-3690
-162
169
-6084
-2004
-2889
-1274
2460
3039
3045
903
863
353
107
-1846
-1146
-1092
569
-3119
1127
3232
12
36
4250
-1742
157
5340
2379
4346
-8248
-530
-752
1979
1461
-646
-10
-1606
-4590
1207
-8236
5017
-5381
-2268
-275
2884
-1380
-4049
381
-409
-1496
6769
238
-6944
-15
2169
2361
2475
4160
2589
4805
-330
453
-502
1285
-3629
-491
847
-447
-55
-6909
439
-2653
3554
-4315
1275
-1800
-5220
4311
63
1060
1372
-636
62
5465
5624
-7729
978
3697
-3055
3334
702
5257
393
1490
1744
-269
-7201
-2670
1497
-16
4086
4045
-1
401
2608
-673
-786
2593
963
-1414
-1146
5482
6415
-1824
4958
-1207
-136
1806
11
-7075
-1091
265
-2349
5133
6021
-2523
1142
6403
-342
-2401
-4434
3317
-2546
-6741
-7281
-3669
-2093
-4531
177
-48
-2702
6531
397
-1285
4989
666
3333
1159
1692
2202
3264
-164
1772
2768
-4802
-878
-2607
1255
174
6116
90
-2798
445
-110
-2928
-672
-2734
-1119
-3400
-469
-2997
36
5502
-588
1805
-7620
-2441
4179
-474
4729
2235
1834
-3826
2068
99
4614
1186
-2972
3381
2044
-3079
-8290
3459
-1532
-1487
-313
-11
196
3195
-7376
-3796
-2083
-95
3973
1103
-487
-160
5892
-12
-1710
302
1904
-3148
3521
451
-309
907
-118
5874
-932
1301
-279
-199
359
-54
-2486
-352
-1106
-5681
-509
1457
1950
-733
-268
84
1113
4919
2083
5513
4352
-191
2993
-1709
-5854
-1924
-8277
2079
2456
-94
-149
-1866
-21
-3206
2204
1941
-99
7935
1983
-4303
1823
-1713
25
-555
-628
-1422
-517
-3818
-4308
2928
3668
-5295
-3239
1114
-5
1404
4446
-839
-1240
4929
287
-2457
1299
-417
-335
659
-6666
-805
3494
558
212
2204
5430
-406
473
4337
4126
1046
3789
-1608
1500
7264
4221
-2605
1792
653
-680
869
-32
3239
2369
-4920
-374
-1940
45
125
-523
5925
-3830
179
541
6930
6983
1774
1597
-268
-6459
-3520
1524
-6971
6136
5197
-5260
-1247
1230
-2123
-498
3001
511
-57
2417
-2653
496
-1865
-284
1818
5162
-60
1925
-1726
-595
-725
-509
-5803
277
-552
3969
2234
1060
-2999
-1949
-3352
-6928
-669
1888
-1229
-182
-3529
456
-927
3809
1233
248
1121
-465
-307
1476
4547
-1341
-468
-2489
-415
-2884
-958
-2992
1086
-1709
-5387
-4446
520
-3419
-2958
-160
-2578
-496
2744
4176
1816
-2792
675
-4733
-3788
-676
7204
2962
4620
3036
-327
-1549
2143
4440
-995
-594
3836
60
-4536
-13
-3354
624
2668
783
2529
-230
1173
-1429
-1468
-644
1365
-2442
-253
-1644
-2400
845
4085
-115
-1322
-1885
-22
-168
224
588
1069
515
8720
-506
1423
-283
-2958
-266
1713
-616
2536
1290
8776
-2985
-418
615
1385
-1528
390
1216
63
1338
642
1483
-5490
-1121
-2302
792
-372
609
-4115
-3918
-421
420
3774
1306
-403
1078
-2758
-5947
-4139
-3653
-120
795
-737
-1307
-313
1393
19
-699
-1276
166
-3154
-2856
1145
-1625
5924
-3385
-7000
2689
-1021
5819
-190
-90
-1267
-2115
-5742
4180
-538
-370
-1613
-199
-2677
-938
-3762
-2604
-5475
-211
-4514
2215
135
3159
2114
1196
5710
-2047
147
4738
-2264
-5627
4263
5855
-6467
3377
1088
-5139
-2659
-706
-726
1612
-259
-3838
3296
-412
1890
3614
20
-2056
5619
4506
-7317
-3212
3612
1773
548
-7416
6108
-5737
2777
9276
-3260
-5832
856
-852
-1106
-1147
-672
1667
-6450
-2694
-213
282
3051
893
-7218
-23
-1838
-716
-813
-2536
-3232
-2949
-1615
-993
-6725
1313
1107
1678
1904
-1618
-5700
-4316
-2100
-6321
286
79
1595
2840
1816
-297
392
345
15
1591
8826
-3653
-9364
515
-902
-4236
-114
-1818
-4719
-390
2114
985
-4281
701
835
-1266
-1295
-4017
-128
-3563
109
-2890
-3509
-2946
-115
93
-471
1220
5225
513
-1585
-1794
-549
3780
3491
-480
235
-1649
-7592
760
-1579
-983
-6586
-5055
-827
677
-2285
1427
-2
-664
-3403
-1156
3962
3089
-3263
-640
6374
-162
-1080
3891
-3023
5579
-934
5238
-1515
3222
-1571
900
1266
2856
-6497
-5755
431
6602
-6096
828
2085
-1146
419
-487
1795
-5
-354
-191
3603
927
-2174
431
-120
-351
-5256
143
603
-1171
2861
-103
-809
4994
-1945
-3227
-2655
-3774
2909
2192
-1914
-216
2005
-1362
-668
2484
3863
5904
-8041
-420
-6670
-3639
-51
3321
568
-7110
2620
-177
-3547
5822
1162
259
-5270
3135
2234
-1535
671
477
-1022
-1402
-6192
7259
-1331
-1257
-4709
-36
1366
-553
-438
2116
3028
-202
-2879
7744
5595
78
8407
247
2072
348
4977
-151
-1792
-579
4683
930
5257
-1380
-2950
5622
9115
2197
-514
-1394
-5231
147
-566
5094
-2229
-1071
-587
-304
6201
2275
-967
824
-196
-12
-872
4681
69
282
1039
2182
-5566
2813
-3272
1512
528
-1985
-134
4455
2597
-5161
-263
-6208
-923
-1289
859
7439
2481
2282
-160
7506
-890
42
-3240
2554
-1870
1186
-1088
-267
4606
1350
-1643
-4127
1824
209
5875
7759
106
542
74
-80
2383
-3567
-5502
3364
1376
281
1122
-2528
-112
-855
-762
-6894
3789
3746
2258
-3910
-3325
158
7373
-2587
-906
-3510
933
860
1995
3380
141
868
970
-125
1762
1150
2204
-1870
-128
-5385
-4974
-1535
-4063
6002
49
-1956
467
3431
-4775
4634
561
3302
-2222
-647
1180
2568
-373
3015
-3555
1681
-4588
110
384
-33
-939
-1633
-2526
-2710
77
1779
367
-149
2351
1292
823
3913
1589
-1049
-3731
1488
3242
-3166
574
856
-4545
-1443
-2102
161
6685
-2626
4667
2251
-1190
-962
-378
-2555
773
3232
-6596
-5902
-6762
2553
1100
1844
-7349
-559
-41
226
-2798
-1547
-1213
6761
734
802
-356
-1829
187
3095
-831
2111
-1543
7512
-752
-476
707
2019
-156
1101
-6149
-6532
-1649
-3743
532
-169
7862
-4427
1452
3851
-9293
417
4890
-2025
-4670
-8108
3624
495
452
-2854
-1008
-5798
-7820
3777
-1872
492
-1214
2812
-103
2254
-575
2514
499
538
4388
35
-184
111
255
958
429
-2709
-1158
4027
-9
5616
-6049
1511
-891
422
-1479
6534
10
-148
3698
345
2405
1232
-5104
257
-391
-1647
-134
636
574
-5839
4816
-75
-1139
-712
9020
6345
-598
-5644
-361
-2058
-648
269
-435
-1806
-51
226
-2422
1430
4529
-1599
-7437
-4
3340
-122
-2414
-2070
3403
5528
697
644
2594
3744
-3866
-5255
-1222
-2960
1001
2104
-1400
-7395
-1836
4106
-42
5546
-9376
-1014
-4998
240
136
-158
3228
1201
3386
-1747
387
-2058
1603
-7355
4732
-1990
-2016
2509
-3289
2925
2959
3930
-1879
-1189
-96
-1197
2260
9231
1034
1653
7992
330
4915
-1200
1156
-5588
-3769
-162
5933
-583
2452
-2822
-1750
129
5008
-3911
1646
-2342
652
1356
-1465
3543
3194
-28
7382
4488
4556
-6468
6022
-4021
-411
-72
1248
-1162
2729
-61
-216
-309
536
1587
-1897
-3973
-4671
166
-530
2024
-2883
5978
1740
568
6287
119
5179
-258
657
-639
1317
6593
-960
-1457
-1767
-5172
1090
-5971
5073
2821
1862
-1549
-936
35
2087
5956
255
957
-2155
2417
-1413
-1351
623
488
-1908
1064
-3597
4174
-5415
7303
5036
4216
-6076
4140
-2371
-2633
7348
-370
1258
3078
1275
-7669
6434
-5597
105
1435
-2996
-6586
-7260
-1576
-748
-116
689
472
-6045
1429
38
-6472
-876
1993
5955
2384
4859
3330
3638
6466
-5951
-4364
-1400
-945
5459
-3629
-5180
-5115
-1898
3797
5230
104
4658
-547
1915
655
-2541
-2354
-3028
4296
2263
-2826
-2598
-3719
1352
1982
-708
5565
423
-4689
254
-1609
-775
-107
-403
-192
3343
126
6348
1105
-663
-658
5450
228
270
2151
-2915
-2051
652
-3307
-95
5096
-6498
3135
1125
1131
-2779
-260
-1953
122
-6785
2183
320
7089
-4577
-1987
4362
687
-912
-2640
4455
728
-2840
-2164
3334
114
1193
8390
-412
-545
75
-1487
-6894
-47
-5843
-1274
-1992
4065
1720
1677
70
1866
1042
5126
-1607
1531
-3908
1068
-4061
-1692
-467
10
2614
132
-2943
2202
2501
-7221
963
3134
2777
-569
69
1136
2242
6937
-28
1093
223
-875
2370
2529
-162
970
198
-297
-1567
-1939
-3083
-5042
-6139
1271
-797
5403
-761
2562
-1449
-1777
2337
1213
-2815
6890
95
2452
1705
9133
-3810
5045
-4654
8652
-642
710
6324
-409
-2570
3098
-3541
2633
208
-5240
2615
-8916
-2596
93
-2032
8703
3953
3477
-3081
-1553
-7137
5208
-375
1998
1980
-29
1514
-4665
111
-1419
-415
-174
-347
4640
-695
7
55
-875
8147
-4310
-1364
-3243
-3451
-114
312
-348
4893
-4918
348
-981
1217
2026
3995
327
1633
0
1289
3894
-268
38
-1790
-357
3948
-6026
-195
-576
-4319
-6107
1340
3640
5525
3320
-5103
1684
2516
902
5292
-5442
4941
-4674
226
-6268
-471
951
2229
-5456
-2925
-2899
-5405
2353
2262
3457
1829
2667
4959
5066
-1630
-2383
-1192
1738
-271
7169
4691
766
-381
2076
-6611
4700
1704
5679
579
4878
80
-1719
-188
3526
-6496
2513
-8002
4396
-999
1911
-5
-2101
5855
-3069
2407
-1311
637
-2346
-621
829
-6331
1269
190
-131
-6235
-19
-512
6385
3671
-2515
5277
-3492
2671
2841
5653
-3877
-3502
5055
794
-443
-1773
-1557
-1057
-190
-1581
-5863
3002
-2434
4658
-7530
2106
-2466
-764
-1138
-2652
5956
-956
-6093
-1618
-266
494
908
-24
-1906
441
-1819
1296
332
-186
-204
-834
-7615
-214
-3228
1392
-1419
1959
-1433
199
8335
-2480
734
-2174
4669
1764
917
-1100
7354
-5422
815
-2974
3058
123
2668
826
506
258
1880
541
-389
4375
-1130
3183
1933
-5179
-4392
3456
2032
2508
-1722
-246
3801
-1312
1422
-1295
276
-4724
-1147
2231
1612
3544
-2370
6766
-1032
-5871
5243
350
-669
2620
-946
-7288
-2539
-515
-542
214
310
-6521
7055
-3453
7777
121
-8371
-2290
1934
498
-751
-552
4783
-2266
37
15
509
-2857
16
7063
-210
5465
3080
3204
1575
1873
3834
-14
1895
1158
809
259
426
7265
3057
-143
7264
6194
20
7309
-9049
-5673
427
373
5230
-4642
2007
-6664
1421
-313
-3125
2868
2158
11
-892
412
-13
74
532
-1746
6439
7195
-2306
-3354
4571
-1726
-130
-2834
1697
1558
-35
-3564
811
-61
5462
9087
-912
1623
5154
0
-2735
2671
264
1236
1060
2526
3056
290
1564
-1494
1760
-7798
-6310
4936
1690
5135
650
626
-1944
55
3664
-283
1856
-5837
-5593
144
7061
-35
6504
5159
-1464
2865
-1196
-3829
1304
3897
1182
-590
2858
6225
-3223
-1725
2380
278
3249
615
289
287
-2237
-222
-54
3200
-1464
-223
3123
-6067
-5580
-1255
-4501
1392
3006
3913
-168
-1176
8633
1789
1215
-8769
3006
268
-601
4960
-6110
180
2973
-4750
-4145
-3212
7134
408
1171
2774
-50
-2694
-6800
-2210
-48
3366
654
-615
3791
116
-1292
-770
-2503
-1148
-3954
-4623
-212
-3269
-653
-61
-9650
9
875
1888
3624
439
1366
3015
-6387
-1698
5829
-2122
257
31
8
-6295
472
-811
416
2463
-3040
-2014
0
-5285
-1759
2893
7967
1744
-1740
-3575
474
7441
-5399
2050
2961
4417
2921
-683
-5242
251
2394
-946
956
5349
1066
235
-8163
-167
2734
7763
-2311
1406
-8001
-1854
214
2024
-4414
1394
-5362
1782
266
1275
5694
-5761
-2987
-5624
874
252
-6275
-2987
120
-4618
320
-3027
4127
2442
-2340
1874
-1365
53
1591
-5272
-1009
-1780
-1829
-7734
1193
54
2279
-4975
-2927
-2061
-309
-3282
-4569
-7840
3050
3288
130
1397
723
2834
-213
1176
-3694
1623
-904
-4600
566
4493
549
-4765
-5715
-4674
230
888
-274
-2469
-2599
-7009
-4001
418
1442
-46
-221
5317
5199
-3324
-7043
-1246
112
1457
-4458
-5778
-5146
4063
-4101
-1864
-1809
1919
-6023
2722
1845
-650
-171
654
-451
-1724
-593
-209
-3210
265
312
-1449
-3076
347
-2912
5068
4892
-2490
49
-796
1998
7331
-3309
2487
3515
-546
1737
-575
5273
-5946
-564
-1699
150
-791
-215
-1848
-318
1406
6366
-2040
191
-2966
719
-2045
-4068
-3851
464
-1119
-4523
1923
-33
9
-274
2337
221
4838
-1436
722
-2098
4243
12
673
-4626
-619
3081
2344
-32
-221
-6090
357
7717
3250
1881
675
-6084
3220
884
1237
-1403
1791
-635
-6514
1949
-764
683
4172
-3921
511
449
-980
-1793
-3396
-6951
2964
885
2370
-8145
-4652
-2303
312
-2096
9047
-177
1650
7107
-3804
3894
-1756
-8375
7499
4714
-907
101
19
3576
3550
2252
1300
8449
5376
784
-7270
666
2750
-5017
101
-770
-225
-618
-2631
39
-130
-457
-240
4918
-3070
-1218
-3242
5
-2684
-1049
870
938
-2986
-1228
-601
-1115
-3184
-6307
4706
-438
38
708
-1939
4151
-6948
446
-3518
-2248
1563
-4652
6408
264
-958
3570
809
-5471
913
-73
-3024
-3771
-5707
1065
1393
546
-488
-1954
-729
-4205
2752
6936
-170
-4290
1037
-970
404
4565
4028
-170
659
326
2451
-822
383
3685
-2248
436
-503
274
3926
-1089
-5621
3388
2524
-2784
352
-899
979
826
-1485
4168
-1167
-872
648
-1241
-6739
-2324
-3664
-8099
-2723
-633
3335
2860
954
-411
1432
401
-1842
1484
-5207
-23
128
-165
-4641
1682
3599
4483
-217
4453
2379
-1275
231
-1311
-25
-3271
4679
-317
3376
-6499
171
-3329
787
960
-2805
161
-4723
4620
-5093
201
5138
2611
3449
-1539
1284
-12
5436
124
1208
-1606
-4292
381
5528
-105
2707
-7071
-72
-3159
-6465
4459
8509
2858
828
-1002
-2139
-900
2647
2784
-1813
1296
-1462
-32
7729
-5025
347
-6560
-2347
-3111
2222
3866
-7264
-979
10
4797
-4839
-410
-567
-692
-1604
-7427
-1580
-930
808
2040
420
5496
-6450
1163
3127
4648
3526
5316
1514
-28
-1853
1792
4189
1003
-4014
1303
-494
35
-2040
-3877
85
2001
2950
23
4634
-494
4954
517
2154
3351
-1793
-483
259
-623
7258
4191
-1809
391
7171
5811
-364
6515
-2316
3987
5737
129
757
1963
-160
-412
1807
156
51
4241
-4113
-1699
372
-1290
-2379
133
3607
-521
-199
-597
-2496
-828
4962
-4989
-1619
3930
170
1888
1081
-4447
809
694
143
-44
2654
-735
1870
-291
1177
3238
-2833
65
-612
5804
231
679
3237
-3110
-447
-5901
-323
122
1790
-401
2433
-2241
-2061
-132
3049
886
-3245
5661
-5626
4852
10
-15
423
-3651
628
-511
4164
-8731
549
-9343
-3212
1640
2934
4221
4866
-215
-689
2412
-6317
-49
-645
-1111
-442
-3060
-2637
9242
-844
-131
1870
4927
3329
-1269
-2089
-460
1579
-675
-7343
1841
-551
-7891
3855
4655
3255
-5924
1536
-1212
3526
3874
-1472
2407
361
-7093
5893
-3153
-7275
-360
5176
2045
-2477
-6893
2012
506
5165
-100
268
-5111
-980
-47
-2990
2379
975
2004
1165
-817
-4510
560
1566
-1038
2961
2691
544
-373
-24
5031
-2198
-1638
-8617
-1583
-4587
-6713
2015
707
7237
1961
420
-3327
-5326
-5949
-3129
1245
1355
-916
-2906
-383
5711
4337
759
357
48
239
148
-138
3627
3385
-1726
476
-7286
1826
-725
2300
3447
-360
-1717
295
-4045
1302
-120
839
88
-3168
2964
-4082
-343
-180
-3525
-2670
2019
-37
2479
2798
707
3503
-2303
-7042
-2285
-8314
-8921
-6952
822
7263
1281
-1721
6963
325
107
-745
-2258
1335
-4779
-2778
-2688
-2101
-437
1591
3224
-3383
-1647
-5036
-1141
5004
-472
-3913
-154
-102
4658
781
818
2119
5416
-1096
1957
1119
2586
-2497
-867
125
-97
-6965
-5894
-992
-263
-334
-573
3037
-568
-2050
2811
2552
-399
562
5322
-100
349
2716
-566
-7585
1497
3451
817
-2953
-4172
-5963
1429
100
-582
-7
2031
2473
-23
9
-5231
-19
-888
-1823
-4403
2336
-4048
71
3773
252
4557
7844
-12
-1365
7
-318
-20
809
304
-1148
-985
58
2199
-111
-1828
-79
911
-512
1349
-1459
-310
3389
-132
2647
-4215
1454
2483
2330
2524
4584
-1709
-1949
-5512
383
4562
708
3341
-5295
-1276
-2649
67
1904
220
-1240
691
81
2767
-84
-1525
-2189
1209
-2412
-153
-135
-473
1963
136
-1646
-227
1066
2198
3518
6732
846
-869
-643
626
-2683
-4000
-985
-119
118
3597
2999
1389
2013
4074
-5315
3287
-3067
-2113
-1628
370
8
-980
-1189
1316
-1241
-590
-2108
4954
-757
-590
-6378
-280
-2761
863
-1949
-65
4935
102
-6025
-6248
32
777
665
-3428
570
2799
-54
2761
3327
-550
1907
987
-2345
1667
1583
-4387
-5
-19
-613
4078
4990
32
3544
6539
-5313
-1145
1563
3768
3855
-405
-4416
686
65
-2398
3653
413
3380
-2911
5507
-3512
-328
-269
-8376
4956
4733
3708
-1788
-4940
5263
-2491
-4363
-6722
-6041
1377
1302
-2654
-4988
447
3200
1631
2862
1109
-511
90
4923
-2569
963
266
2581
4
-2755
2465
1581
-2802
1443
8046
-818
1243
1
-112
213
2875
1183
-2580
3735
3165
-6005
3469
216
580
-3820
-1360
3186
-3714
-5631
-3987
-941
-5386
-2597
-4090
2692
-68
-2295
-992
2378
-6428
-6
-1693
2320
-488
-5403
-2597
6535
1107
2512
8040
805
4199
543
-1073
1566
-4731
141
-1101
633
-2361
-23
2040
-7914
1822
3017
-1701
-1509
6411
-118
-2753
727
440
1147
-6197
-1920
-1338
-1139
-4917
1616
142
-2527
2491
341
6151
-6991
-2566
-619
-994
1998
-60
1387
2001
-836
318
2574
-120
-283
-3380
2898
-3371
2864
3946
2432
4976
5202
-165
551
-1516
-361
3717
665
1259
3681
2727
5462
140
2656
-161
320
-1119
143
-2178
48
2005
-2946
-1084
-3688
-6379
-1125
300
2596
2779
-610
3233
580
-5180
-2792
4689
2733
-1468
764
-2950
1480
-267
-3244
-296
49
-5359
-3206
1641
-1762
-232
-3579
1617
1422
4839
-2864
3172
6211
5971
176
-1550
7779
-5020
-1896
-2792
-3407
326
-1001
835
4655
4708
3154
1088
-742
-1125
582
1822
1992
-24
-946
349
550
-1323
-1823
-5172
-3134
-80
-5509
1172
3836
4401
1897
-51
7241
1682
5087
1127
-6995
-514
1580
-706
703
-2949
2542
-11
-8432
-1059
-2445
1973
2169
3060
-4438
805
-1315
1342
0
1360
3280
-2161
-4944
-167
-1123
1061
-6069
-171
6031
1161
-960
-2870
-3
6998
-26
927
-1053
1000
6136
1354
669
1004
446
796
-3232
93
-1023
-3556
5869
3126
-3555
-871
-3581
80
1605
417
-2607
-3595
2097
3883
-249
-988
4434
-3973
103
2257
-4726
342
175
2492
-1603
-1668
1562
711
-582
-1903
-1173
-105
503
-1381
336
-2123
1005
107
-8200
-121
-1143
-5792
-3035
8062
-4442
-5578
-1507
-451
366
-29
655
-1494
1673
6333
-444
287
-3179
-6043
-6392
3106
346
-2392
-2447
-1050
5097
4608
4320
3160
-4073
-2224
4319
-2374
8
-2033
-4345
3091
-442
-760
-4992
-4443
2259
-3541
-4271
1608
4921
-456
2114
-918
-5674
-1613
-2778
-8603
-3506
-3996
-2805
672
-3664
32
2283
5890
2248
-4830
7833
4803
-1143
-2977
6138
968
4738
939
-3972
-99
-114
1837
1124
-92
7537
6154
-4771
-2651
-4914
181
3124
-386
4
260
456
-1
51
5642
-211
-407
-321
-2740
-2126
-465
-794
1044
4508
-122
-2148
-829
5456
-775
-1385
-701
-2729
55
-316
-4127
3749
-1605
3749
555
8432
4361
5222
6843
-560
830
3608
894
-665
-468
13
-3303
1474
475
-649
-8331
5055
442
283
-2463
10
1450
-328
207
-4552
-3511
-401
90
-299
4749
499
18
458
-5557
799
3199
-8822
226
-2915
4212
-798
3137
-881
4514
7391
375
4069
2935
-788
6291
-106
4012
-2772
4532
-370
2986
2153
-2060
-773
-2184
5263
-1022
6651
-4855
-1355
-1923
-2875
-3664
6468
-3569
2875
4973
-138
1742
3905
-1293
-3070
-3283
-70
-1096
7177
-600
-61
-952
-354
1294
5898
-256
3701
-3724
-5890
2106
-24
1495
4883
-273
997
1416
-4734
4739
-934
-1525
2087
-3812
61
-3552
-110
5275
8893
992
-1
-177
-3011
-673
6118
-3926
1739
-1742
5798
7143
476
3540
1977
-4231
2531
4198
-4301
5353
-2291
565
-182
-2956
-1514
-515
-4653
5970
-776
3094
35
810
2903
-1273
-4059
3808
-686
2006
-599
5520
4419
165
-2218
-384
-455
-1401
-1608
-1344
303
-3246
5510
3870
-3584
-59
-633
-1912
1716
203
-1416
-3110
-1521
3078
-70
2445
5563
-8343
226
143
4751
4350
-9428
-3190
-24
1643
1084
6556
-418
-119
5718
4710
-158
1345
2604
-736
2813
-1169
-1691
214
644
3124
-108
-2003
-5078
295
-2346
6402
-2383
-2194
-7262
-4187
320
5345
1924
-1087
139
263
2549
1325
4748
1790
2115
5457
956
891
3650
3195
618
47
-8667
-94
1332
11
-2965
-417
4846
-8060
-7073
1621
-4237
1350
4580
-2733
-200
-3593
-331
-7044
-1763
-3086
-1033
-8193
746
515
937
5964
-420
1192
5899
3356
4029
-7452
-2775
-1215
83
-2978
2096
-41
-1456
778
-1850
-7383
1373
-1823
-427
-1963
-2768
3296
-661
623
-1608
120
-1788
1212
-1385
197
2311
4353
5757
-4918
315
2227
-3299
963
-3309
-5396
5724
320
-5361
2251
2743
1545
-640
1027
16
-3716
169
-217
-8119
-3418
5132
7595
2571
1660
0
890
-3453
565
5798
2922
-4499
1176
-2357
588
278
1226
-7213
-3143
127
209
-1390
5796
-293
1075
-5464
-5832
-365
-2208
13
-509
1600
1934
-6338
-6392
-168
-3266
-3881
528
2273
220
-5286
1409
1153
-359
-4330
1080
-591
-5297
3262
-4265
-2777
1300
2407
4430
90
182
-69
2335
-2266
1153
-282
-3638
-4204
-6668
-3503
1177
-7932
6995
453
-98
3080
-346
-1062
-138
624
-810
-3592
-4453
-322
-2967
3662
9304
-5267
-1997
-1288
-5341
-1882
-840
-182
237
-1564
7885
6706
-2915
-1290
1228
1228
3639
86
-2628
-1398
2597
110
-494
-1109
1036
-2182
4094
-5400
-3341
-1668
357
-263
6107
2921
-109
-1919
-4887
5177
-1269
-4295
1190
929
1071
-1420
-3857
6126
-287
-7836
480
-206
-3136
-76
717
1647
857
-1500
687
1033
-79
-1168
-355
378
1714
6115
673
1434
3795
-590
1674
-2628
-376
5912
1824
1490
2678
1633
-519
1114
-9389
-4980
960
-2127
2905
-4491
471
-1605
1070
4065
-7768
2952
7619
-3363
71
-525
-362
2831
1381
321
107
1427
-46
96
154
-2892
616
-477
-4769
-7471
-4180
857
-2794
-2506
1957
5003
-5160
-1404
-492
4769
773
3451
-156
598
-6735
-8591
-6648
-754
-3502
-450
6248
-8497
5018
3835
19
4472
3327
-5168
2036
1612
-3064
-2739
-1126
2773
2012
126
-11
-953
-4146
1434
-3798
-5937
-1420
1190
2459
266
-1732
3430
8221
654
4637
1244
224
-512
-15
-2911
2403
7817
-1212
4557
-905
-106
429
2709
-2588
4663
4053
289
831
-1325
-171
-1546
-3105
-2463
-390
211
4316
1883
-1500
2185
2062
-7260
-965
-5313
-1996
-1744
-1811
216
-303
-237
-1174
-199
1464
-358
-1341
951
2062
456
-1396
-33
-6870
-147
-1142
7721
5906
-929
-1837
837
-533
-1814
-2103
-4119
-3802
-4285
-333
917
7576
7709
-390
-1752
-6637
367
5179
-1487
542
-4245
-1091
881
-4329
-2837
-7081
-3127
-2452
-2402
1705
-135
-2668
213
-1803
251
-2193
-5035
368
-3678
7448
-2000
3605
-753
7
-7742
-2457
-6291
7753
4309
1136
4968
2070
-331
7039
-970
-874
-2710
-949
-1305
275
4380
7750
-5188
-7370
4952
1106
-3398
158
-2699
-527
606
-2460
3690
-1795
-3375
-1367
-2715
286
-209
709
-3842
2282
-6202
-790
4335
-4641
-3305
1980
-3179
1244
6092
-59
2370
32
-2199
4016
4633
-9478
-50
3563
-2206
1342
5444
-811
778
-76
777
-2325
1422
209
-2462
651
3303
-322
-159
-1948
-4889
8795
4718
400
4853
532
3284
-4782
-490
-6087
-903
10
23
-3494
-2717
4223
557
-8430
4261
-5037
5386
1137
-1406
7274
-1953
-997
178
-6567
-825
-4125
2213
-1152
4517
-1820
-7244
381
20
1741
-2372
-1288
2041
2260
484
-1603
461
-2514
-5085
313
-4259
-7417
-1128
563
3337
2061
933
252
-57
1920
-334
-7792
37
1932
3736
980
-1094
-1260
-60
1249
699
-1091
-7254
934
-6614
2865
-1123
3648
-50
-67
85
105
1799
-1869
-3929
-5229
1650
-1774
3374
-2236
465
2379
-1008
7761
-2331
-4207
-1868
139
-384
-1302
-6955
-1458
-386
433
6369
165
730
-7421
1206
-1272
-1393
-4850
7217
-497
-354
1108
8109
1375
4520
-8364
-2718
1941
1618
3258
58
-410
2741
3569
505
2286
-6368
-1423
-1003
-85
-365
-5799
5176
-237
-2349
-8270
-1515
2948
257
-154
-60
7262
-24
84
2360
-4432
3599
-2616
-656
-1248
-1458
-780
-7129
-3807
1758
813
