44
1
17
24
8
7
3
44
30
33
49
25
30
26
37
17
4
14
12
21
46
28
10
21
44
25
21
46
5
18
1
46
7
9
21
28
30
28
13
40
39
18
47
18
30
12
2
20
7
42
25
21
42
22
27
11
25
47
32
39
5
25
46
29
33
21
5
17
31
18
40
13
2
9
4
6
34
26
10
1
16
28
21
15
27
50
10
3
28
28
19
48
45
6
8
21
49
21
41
48
27
42
18
1
25
49
14
9
43
38
10
30
38
48
45
33
27
16
18
1
38
14
15
9
5
17
14
4
28
22
27
7
10
24
34
9
40
10
16
34
50
8
12
3
0
33
27
2
35
7
43
27
0
5
25
6
46
42
14
28
19
50
23
26
34
5
19
5
15
6
34
7
14
32
47
4
6
23
9
37
50
8
23
3
8
8
47
22
3
11
27
40
5
12
4
28
14
35
39
18
19
49
28
15
49
50
46
45
0
19
13
44
48
50
26
23
25
15
5
50
43
24
22
18
45
30
41
47
20
32
25
24
13
11
0
36
35
43
42
24
21
32
20
14
34
28
13
37
48
42
11
24
23
14
6
8
37
2
31
21
11
2
50
29
33
1
0
15
33
43
19
19
5
12
34
0
34
19
9
24
23
50
13
17
3
42
19
34
26
19
8
35
26
28
11
4
37
23
21
46
20
18
3
34
15
22
31
7
3
26
28
21
29
22
31
0
50
39
43
29
14
44
17
7
18
49
27
41
34
10
48
29
32
29
27
44
22
0
39
16
20
50
49
23
24
12
33
32
6
11
4
47
46
30
32
50
21
1
33
7
11
14
37
7
15
16
40
0
28
37
45
40
41
40
3
25
30
4
12
20
46
15
36
38
23
42
38
17
33
25
6
18
25
5
39
8
20
4
3
46
29
9
19
25
50
19
26
4
24
50
39
41
45
0
21
49
39
48
20
14
2
47
6
35
42
24
44
5
41
32
2
8
37
8
24
15
6
32
3
25
26
41
17
18
8
13
29
32
13
31
5
38
18
14
47
30
16
27
14
21
17
35
35
47
37
37
46
46
16
12
25
32
33
37
50
2
16
3
3
20
25
36
0
24
25
38
14
4
19
44
24
33
37
38
12
3
13
30
4
34
