30
49
48
24
6
47
40
29
47
3
42
12
1
35
15
41
49
20
47
18
38
27
34
24
25
1
30
7
18
16
35
22
11
17
39
4
28
23
1
11
39
18
12
22
22
15
50
26
9
45
30
49
45
36
43
14
24
3
20
29
44
5
4
32
7
31
4
22
43
34
24
2
27
9
32
9
32
26
0
20
30
37
23
17
50
9
38
45
7
10
8
23
3
41
35
9
20
35
34
18
11
13
18
9
45
31
42
21
8
12
0
25
34
13
23
12
0
6
11
5
36
32
8
42
37
45
40
14
42
19
48
15
8
24
8
46
20
49
43
3
30
3
37
42
47
24
43
44
7
5
24
34
28
34
36
47
39
17
50
25
14
48
8
9
5
43
29
24
26
9
38
39
48
28
50
31
13
45
18
5
38
49
47
47
39
28
9
4
24
2
35
8
27
24
5
22
27
12
33
6
15
15
38
42
18
10
15
43
44
35
31
5
44
44
2
0
43
50
2
16
48
34
23
9
1
15
47
37
9
49
25
28
20
20
47
40
42
37
25
26
3
20
32
38
26
27
2
43
32
9
46
30
4
4
24
40
43
18
43
43
13
7
23
31
11
8
50
28
46
16
43
16
40
12
20
1
46
7
13
1
10
33
32
49
31
5
29
2
21
32
48
2
17
23
12
10
26
13
29
27
26
2
16
21
11
47
10
47
8
36
31
32
47
12
9
13
28
35
6
36
15
30
23
11
21
41
0
26
26
17
20
6
30
28
35
24
34
43
20
39
10
30
1
8
16
44
6
38
16
48
4
2
33
36
12
46
7
29
29
33
34
29
7
1
33
8
30
33
0
2
15
26
28
34
33
11
8
15
36
20
47
18
3
34
1
43
0
13
39
11
37
19
26
14
2
47
27
50
17
30
29
34
40
4
47
3
26
1
14
6
21
48
1
13
31
11
47
37
33
3
13
27
30
29
20
41
10
38
42
11
22
17
49
10
1
33
18
43
29
6
8
24
24
43
9
15
13
43
28
2
30
20
18
41
48
15
36
49
49
13
38
3
30
35
3
23
36
47
46
26
35
38
44
3
48
19
14
43
15
42
23
9
27
45
28
20
29
22
8
16
35
40
9
25
8
20
15
8
1
19
4
32
45
27
6
40
18
12
40
43
48
39
15
33
7
31
34
1
32
7
36
50
19
50
28
22
42
5
7
30
11
44
7
38
44
47
17
12
9
1
19
24
12
15
0
47
36
29
40
3
37
47
46
47
7
25
41
39
15
16
30
9
47
47
44
12
43
20
14
24
13
17
10
35
37
26
16
37
36
45
24
48
44
46
10
42
49
23
26
8
8
20
34
29
1
14
41
18
20
28
0
37
42
44
13
14
11
41
20
16
2
35
16
17
46
12
14
37
16
29
0
29
36
35
2
16
18
14
34
40
27
49
18
16
47
48
39
7
5
44
31
38
37
7
45
21
7
38
11
25
41
24
26
2
17
33
40
39
16
11
49
42
39
5
45
19
38
7
47
34
24
50
47
35
38
42
27
45
37
33
31
35
36
4
40
41
48
43
29
29
1
15
13
42
18
29
10
27
24
6
23
39
28
50
42
21
7
19
7
29
41
22
39
8
43
37
31
15
47
26
44
39
49
26
24
40
43
27
32
39
48
22
30
17
42
11
4
26
2
14
6
39
21
10
10
47
49
3
14
2
24
37
5
3
40
25
23
6
33
32
18
6
6
44
18
27
33
9
4
48
28
9
35
21
11
37
37
29
10
44
40
38
16
1
46
16
28
30
13
21
11
23
20
9
27
29
7
44
9
49
3
13
34
16
34
19
13
4
1
15
16
12
49
8
50
46
33
41
43
38
3
34
4
32
18
48
45
14
44
13
41
43
4
5
41
12
18
50
39
24
43
17
38
31
9
30
6
17
1
31
16
2
19
47
39
15
43
5
33
10
20
35
21
31
7
11
20
33
43
25
1
46
41
48
42
42
0
12
18
30
48
15
10
32
33
44
27
3
50
25
6
29
20
12
33
21
36
2
30
42
7
25
22
28
27
25
4
1
36
46
20
21
48
12
3
31
22
7
50
5
44
20
33
27
21
46
4
5
44
2
18
17
4
31
33
15
3
5
34
35
18
11
30
1
50
38
42
47
20
26
50
11
31
30
24
34
24
20
17
14
33
39
44
35
29
12
34
16
25
27
41
14
12
0
29
3
1
19
29
42
2
49
13
5
48
48
38
38
34
18
27
35
2
19
8
46
43
13
30
48
